322 1879
131 2622
1034 1230
2573 2574
2557 991
5 648
691 931
3025 1180
1853 847
698 1004
1485 1135
586 1422
2166 16
661 2639
2320 2322
147 2405
968 2633
2646 1472
3147 3146
1847 1907
2562 2066
1098 47
784 1822
3017 582
525 263
1725 715
2692 865
1877 548
2452 265
1929 1495
1644 2021
2278 2646
1904 167
453 2782
2228 2364
230 1968
2638 2639
1898 1646
2199 677
577 2080
646 281
1110 1952
2721 2028
2862 616
2016 2569
1324 1562
2483 695
2585 1214
2776 2643
138 1097
1112 351
2447 2450
2342 2341
2519 450
1617 2475
66 2342
1901 2648
3245 1972
3010 550
2739 2314
896 1081
1828 443
2416 2597
558 591
667 1099
2284 2297
2643 2776
1604 3104
1156 266
2564 1219
1625 1666
266 254
748 2668
2481 691
326 3085
3292 2614
822 2498
2023 2021
3054 2626
1677 1235
1252 3117
3200 3201
591 1145
3228 486
2339 2463
2637 1605
2987 730
2829 968
2708 1896
537 836
2404 1725
135 1566
1680 309
1326 2245
83 540
2022 2273
2920 3296
488 667
556 969
1346 2874
3045 2342
2339 2219
2697 2696
734 1651
1513 2300
2079 233
2492 2491
2017 2174
2427 2422
541 809
1571 2055
307 1230
3034 1440
1311 670
847 1666
1762 1441
963 3158
3193 1244
1690 2221
1915 1532
1751 2319
509 445
1226 2853
2245 70
1290 2023
1605 1117
1120 1659
2196 930
2419 986
1506 538
1710 87
2337 2430
2621 1630
1295 975
2398 1943
2799 889
1439 147
1666 2435
254 2067
624 915
2396 528
1587 2110
2921 2189
2494 682
1558 2331
3061 295
891 2471
717 318
1835 1415
2622 1633
450 542
1048 1143
472 703
3154 951
808 1620
2463 2339
1545 3026
515 3299
1338 19
1817 1620
1875 1097
1677 1737
3251 22
568 1839
2416 1943
2528 50
710 1159
306 1368
3204 3203
3046 1865
2715 2714
443 2406
2613 2614
3046 478
1180 3025
1628 2155
2475 1214
3211 1113
1437 812
342 3296
2691 1606
1097 138
2107 2398
978 1764
78 2366
1585 1211
3193 2558
1721 2670
1222 77
1580 2360
1422 1157
2183 1923
465 2153
941 2564
1422 2822
1734 2013
1588 2468
2206 2868
2561 2949
402 2861
2327 198
254 2222
2293 1591
1642 2474
3133 1685
873 3225
2782 968
182 2262
1422 616
1448 2353
1330 1699
2596 2597
3185 403
2067 1411
142 1455
1036 917
1261 2480
2252 3232
2597 2625
1731 1275
2800 1979
1483 1821
598 1887
719 1190
2348 3041
1705 2114
1926 2945
136 1759
544 1915
1574 1446
2401 2924
2309 3167
1702 1711
2596 1708
1865 674
1311 2607
1002 582
2571 170
1440 953
2959 2401
374 1411
2417 16
3052 194
2614 2329
2444 361
715 2405
2494 2954
3007 690
602 958
81 2414
1812 243
2191 560
1580 2362
1811 2091
2741 2739
450 1915
1770 148
2539 463
1281 2234
1400 1089
1242 2311
481 2236
2828 2651
1422 314
992 2242
588 1275
1363 1822
1429 1097
2977 1620
2189 2776
3030 460
2166 2637
1105 1894
2322 1557
2645 1417
2332 2269
3168 2309
2710 1894
203 2899
371 3071
1719 2589
2762 2761
2649 1422
1145 591
2668 1422
965 1422
2033 1732
1688 1914
1882 1577
530 1621
641 535
2967 2829
3107 722
1251 2398
65 1944
2112 1710
2385 2386
2220 265
2608 2609
999 1948
680 2089
1436 901
796 2217
2434 885
1007 9
2757 1106
355 1121
179 1860
1522 2335
1429 1130
755 27
2380 520
453 51
2926 1617
2021 1644
2348 282
2217 2089
2566 2195
2200 2435
299 1134
7 2137
851 2863
210 3183
1978 1403
2447 2449
770 1202
1143 1677
2548 2549
136 2315
2088 1366
582 1753
1676 2604
2654 2434
419 1004
2030 1818
1896 218
385 1700
1992 253
1020 450
2163 526
3219 3
212 3265
61 2063
1111 2727
1131 2680
117 367
515 1498
3046 1472
2718 468
3175 2905
136 43
2570 2831
3044 2010
917 1036
2722 704
2023 1214
336 1180
1563 3062
2322 172
278 2469
1799 1811
1818 615
465 2973
2649 2650
1321 239
2562 1620
61 1443
3257 1778
550 3009
2153 3202
2487 839
2398 237
1293 3261
2653 1539
2015 1555
2782 246
1123 1855
411 1335
1675 1063
412 3257
347 2633
1321 3230
483 2624
16 2416
470 1982
1453 198
1613 2727
1864 1486
1335 411
2117 2892
989 1033
1497 2336
2368 1863
863 2209
1013 1605
1438 457
41 1059
2422 263
2782 27
854 1521
136 1940
303 937
3273 1266
427 1560
946 2379
755 2128
364 1991
887 2859
1422 2827
280 1563
1665 2633
76 2955
2994 2984
207 270
1030 776
2253 1758
213 3073
2345 465
2183 1640
3186 303
2633 770
347 2527
2282 887
2230 2782
536 2477
440 3047
1422 2115
2398 1422
2635 2000
2640 2638
2126 626
430 2844
2475 1607
1412 3138
1097 2648
2361 2506
2041 1953
1967 2066
453 2053
417 1335
1814 1168
1480 2715
641 825
266 2619
1527 591
3045 1823
796 2119
634 2132
2331 1587
1666 1131
1921 582
429 1620
2398 1343
1698 2586
2154 2993
2668 748
1243 667
258 962
3109 3108
248 1669
2146 2500
1749 1349
1012 2475
2604 2209
512 620
330 3184
582 1004
2116 303
620 611
2373 2372
489 582
2254 755
2290 617
2360 847
38 2228
1995 1918
1587 1989
1012 2282
405 582
445 2891
1887 2357
2472 1220
595 1447
2533 415
1078 2510
2974 1779
2711 13
2487 12
139 958
450 2299
1474 991
1227 2095
417 915
1208 1767
2614 3292
1099 1530
1429 2520
2866 1634
2691 2690
2703 1896
3007 3249
705 2422
2429 1761
143 127
2667 807
254 1772
2942 2264
247 1265
2482 560
2638 1096
1336 1681
847 2592
1823 195
333 777
3035 2031
1455 2734
1422 220
2552 1577
22 3251
2185 3150
47 3130
2166 968
137 1422
1625 1759
2182 850
2416 1708
3250 2569
826 2712
414 2565
252 232
632 538
1883 2678
254 1687
1175 2958
2458 2461
993 2097
783 2296
2619 254
2322 1381
1383 83
637 2189
523 1840
2848 1180
2596 2257
1717 2630
2435 1422
2593 1056
627 2632
1031 2328
1940 2405
1666 1989
204 126
667 760
980 1645
2376 625
3167 2309
2414 591
1422 775
2799 603
2776 2189
920 1832
1011 501
2532 2207
2177 860
83 2673
1760 150
504 2844
1261 2481
768 468
1592 456
2211 1617
2339 1419
1399 2427
2681 2886
2529 50
2819 1170
1621 530
1625 2429
493 2151
2212 566
661 2264
2710 2048
3047 541
2517 2751
2632 2650
2342 66
633 1470
1084 2343
1867 1468
2488 1853
1262 181
2266 1648
31 1759
1892 1345
1112 1635
631 40
1485 721
1967 285
1891 3046
478 3046
1516 582
3069 1083
2703 404
3128 439
167 1904
3090 2037
1422 1009
1480 2782
2706 404
758 2960
1959 1721
1759 1625
973 2778
670 1565
2945 1595
2621 1759
876 336
1422 2021
448 888
783 212
1620 2562
2452 1536
930 468
3197 3193
906 249
12 2474
1083 331
1240 129
1646 1898
1873 1775
138 2488
2174 1576
882 450
1029 1564
286 1466
641 1080
1210 484
1470 1422
1428 3037
1422 962
3172 3169
1145 1896
249 906
2281 2651
2490 1025
2115 2782
1918 2444
3204 1066
1687 969
2469 2470
2257 2829
1910 2925
2128 755
473 843
884 1172
1438 1377
755 492
610 1116
2381 1282
3009 550
2975 2974
2638 2404
1944 2535
597 3174
825 641
1766 3183
18 812
2763 300
1853 2488
2999 2762
254 266
3085 326
3051 194
1666 152
2219 1260
668 2536
1758 1417
2092 1298
1491 1767
3049 3050
1254 2722
1115 3228
1219 453
1567 968
2931 316
1112 154
229 2782
535 2584
239 1321
1150 365
1761 2429
1167 1493
859 1795
288 261
1894 2584
1436 1810
1422 27
1287 2058
2794 2795
2555 2209
2782 835
364 149
411 2815
2444 1918
864 1330
3086 968
3193 1143
303 1422
272 450
2378 54
3093 2254
201 1701
1514 61
1945 540
1783 697
964 313
1625 875
2360 2361
2638 1625
696 382
2144 2250
3251 938
2782 307
741 3036
438 208
83 3046
3003 3004
1973 2799
991 1474
1034 1214
968 3086
3295 2251
1422 2663
1394 490
1216 1801
1997 585
3156 356
1424 764
633 1422
314 1708
2829 993
567 2486
2196 968
1011 2148
825 101
3287 3286
1854 802
2627 1279
3146 3148
1130 2331
1542 2558
1733 3306
453 835
1678 28
938 2104
2507 157
2339 3282
2298 953
1241 1694
2236 481
1230 1214
303 719
2911 2646
39 2466
1531 1210
1644 492
3071 1981
2747 2748
878 595
1700 385
1878 310
2799 2545
229 307
2845 777
2763 2761
347 1202
582 1516
1027 1620
1772 254
1013 1422
1351 887
2637 1708
71 328
2916 2917
2226 1281
2565 1492
1630 451
1761 1128
2258 582
1103 771
897 868
2611 2610
525 2573
956 1022
530 1966
1214 1644
3088 2014
2261 777
450 1817
2712 826
2213 739
146 1248
2643 1183
3135 1499
3161 101
850 2182
1822 254
2514 3241
1422 1273
1802 2323
2954 2494
2277 886
2395 2394
254 3249
1115 3042
759 1512
2594 1986
2399 2122
347 1758
2137 108
3157 1026
1943 307
1509 3056
2780 1211
690 1613
2842 2843
1362 486
2765 272
1620 1826
2629 1320
2382 2381
2083 250
2506 1580
1230 2859
59 931
44 1227
2220 1536
2396 1663
2244 2868
2564 2665
153 744
662 2260
1591 770
472 780
819 2316
1584 946
2928 702
2965 2286
2911 649
1699 1330
819 2646
1736 972
2259 1437
1117 2166
1956 2964
1655 650
1683 1836
2850 2849
1402 2243
3246 1313
214 2485
3204 245
2523 2522
2777 1332
2925 2475
2910 610
1941 2998
1844 2460
2861 241
2217 468
464 1758
137 1034
2760 349
2229 2101
1605 2415
2052 1894
2348 1163
1200 582
336 561
463 2540
269 1903
2911 540
2992 60
161 3070
1239 1265
541 1620
624 1836
12 113
128 1041
693 2182
205 854
220 2475
923 1170
1943 585
2155 1628
1415 1668
2232 1887
2655 444
2369 904
1119 1577
438 1718
136 2520
2782 2475
2578 1999
1551 110
1224 2348
1740 2638
566 393
2990 2989
2960 1182
2561 2165
2848 1600
749 551
2381 1396
2860 1214
1 158
299 1057
2170 2703
790 582
1043 3274
843 227
28 2314
1228 1317
1033 1426
2708 908
940 1155
1620 2631
2415 2597
1583 2387
1033 1234
750 1065
873 291
2000 1655
1157 968
900 1072
2361 1580
2993 2154
2822 2128
28 2316
1907 1241
1367 2947
935 3233
3125 1310
1227 1845
2689 2688
2804 165
2704 591
2424 2423
3212 1392
404 2703
2010 943
1202 2356
103 2130
2711 1986
3271 1822
1943 965
965 1301
691 1567
1208 1007
2339 2338
1617 52
1825 2443
72 1896
3240 2178
1620 304
1457 381
2998 1941
356 3156
1704 110
3225 873
2907 2289
401 2739
2234 1943
912 1605
2008 2818
468 138
1832 920
719 303
1677 156
2007 3269
2189 1087
1417 273
453 2786
2861 1346
273 468
2886 1965
150 557
2455 2861
138 1131
2166 1013
954 3108
2679 795
1772 1890
881 170
1093 2423
850 886
12 966
12 1760
2379 2380
1620 2636
2422 1587
351 661
3093 219
2543 1675
2542 1724
2269 2332
588 2536
2362 2506
2664 1422
2498 1043
709 620
1288 1648
1865 3046
718 2241
2925 1010
2228 2363
449 1543
122 2421
2829 2257
1088 335
710 275
2752 1052
493 1214
1493 1167
2023 1290
952 2982
2245 1235
2270 1706
1000 1545
1480 1214
2829 2967
2958 1175
1928 279
882 2519
2444 2649
2431 2358
2877 1208
1903 2493
2447 2452
755 887
690 2579
2776 1246
715 197
2867 2237
2420 746
1447 641
1877 2401
813 2771
2515 540
3265 205
472 110
2750 176
1543 449
1112 1480
1214 1219
1308 1769
2775 2829
2421 2147
820 47
2259 332
3138 466
2447 1836
1431 64
565 904
1492 2565
2474 150
1672 2353
551 1259
3241 2514
1760 1696
2398 2925
2535 1944
2884 1890
2474 12
582 234
1117 622
1422 2257
1182 2960
2652 2358
2154 429
265 2452
1548 3268
550 2899
2481 2596
1620 494
3248 508
1639 102
2032 1582
582 2950
613 2603
1429 2110
3253 1596
1422 633
180 351
2180 1822
541 3047
1809 266
3103 3267
1564 1029
968 2829
1264 2369
2361 2880
303 2585
796 930
27 1290
895 229
1624 3038
2506 1655
2668 2846
1634 2866
971 2529
1211 2779
1894 13
2137 7
1874 1585
3045 3187
957 399
1366 1058
2416 2166
1396 2381
1728 3193
1811 1879
849 614
1004 582
3120 1000
1348 1574
1011 287
510 2827
136 31
2421 1429
1803 858
2254 303
91 1992
965 2234
540 2910
1143 3193
1283 1370
2832 2833
1908 3302
170 2803
294 3046
1410 300
2970 1722
2383 1895
884 2512
639 2753
351 1112
1392 222
2498 822
77 1222
69 2370
2034 11
2657 1052
1281 2226
912 2490
2647 648
648 2575
3014 965
2105 390
1177 712
1754 999
2361 549
205 3265
538 1506
1731 2774
1746 2339
1386 1635
1644 1034
847 1398
906 244
2739 2741
1860 2092
1598 2285
2475 453
56 2609
1398 847
1079 1950
1314 3094
1117 1605
1369 3071
781 2375
1931 898
2331 1655
582 1921
2371 904
2478 2130
1422 1414
1063 2543
1170 923
962 2829
1850 1933
2399 1668
582 3217
336 876
2047 1422
2364 2228
769 2081
179 2696
3156 2306
2495 2646
616 2597
8 1033
3294 1813
2588 2314
3189 245
96 119
307 1918
2701 967
189 2076
1159 710
296 2853
2107 1997
2541 2367
244 906
455 1684
2073 2592
1130 982
61 2113
1239 3215
168 3193
2354 1971
1950 1079
1625 1587
1296 772
2925 2774
822 541
1566 135
1440 2736
1237 1431
2271 1548
1887 2431
3076 783
216 695
1322 132
2768 886
2368 2790
2675 1399
2342 2878
2295 542
1847 1151
1605 1708
2054 1221
3296 2497
588 2537
2554 713
1084 1123
2120 3009
582 2258
1025 931
1033 411
2329 2613
106 2643
1822 3107
2559 2477
468 1736
2311 2361
657 658
2389 1419
236 1582
2183 2361
1422 59
2401 286
303 3186
2077 1828
3149 2185
1227 338
2371 2874
1948 357
1129 2513
1577 2552
138 468
438 2966
2837 2534
438 2705
655 3201
1383 515
2947 1367
1000 642
941 2782
438 2703
2813 1158
2169 3276
1567 965
2015 278
965 3014
234 2993
1811 124
1172 1363
1441 2603
584 83
2620 854
1060 1979
1135 421
404 1896
212 783
611 620
3133 1156
2367 2790
413 1812
3265 1792
1915 450
2660 2853
2352 2407
3027 2426
348 1991
1266 3273
622 1605
497 2974
206 772
1943 2396
2804 1806
2287 534
1028 2605
2396 691
525 2577
3107 2180
2116 586
1933 3008
491 170
2247 887
2588 471
1042 3045
2314 713
3017 2646
2865 1806
2129 426
2329 1031
690 3007
75 1879
2183 2311
1569 908
2196 3266
525 705
486 2891
2371 1330
2703 1534
3230 3254
3043 1389
1587 2147
3144 2894
1925 1341
2400 1849
2827 686
1736 151
1529 1925
2078 1374
2166 2416
275 710
3028 746
193 572
3049 1572
468 396
106 1366
2443 2361
1999 865
1771 1620
2367 2549
1666 847
2250 2144
1863 2368
408 637
2729 1435
1879 322
508 3248
1320 2629
1531 1410
2108 487
670 2771
1422 2622
2711 1333
1331 772
1918 2797
2319 630
2899 2903
2580 336
2067 1772
1162 3010
1102 1939
859 605
2643 155
2507 2598
1429 2422
303 3093
2142 1331
1451 3308
2326 1928
31 136
2388 446
943 1554
1334 722
1072 1818
1422 1470
1640 1580
2245 1326
303 1343
3169 1523
1620 2977
1422 1251
660 1481
2282 27
1087 1239
2259 1919
815 2339
686 2181
1800 2847
485 1052
922 1246
2174 620
1867 2357
219 2254
1920 1484
1461 2918
3219 1237
3308 19
610 3039
2404 887
1275 1731
2013 1734
1462 3246
1417 2217
2400 567
829 1082
1605 2418
1130 1591
1357 12
1494 2239
2734 1455
2663 1422
1439 2626
2307 1612
942 1863
2442 177
867 1173
1313 1462
864 2874
453 1219
2021 887
2918 1461
1704 472
2919 1575
1316 3015
3272 1589
1238 1422
584 2531
1366 2580
1543 2732
877 940
1378 2907
2420 1587
990 1207
548 851
645 3315
1481 660
394 1879
1729 505
732 1250
359 80
1036 2853
2616 817
147 2264
1080 1340
1080 1348
2581 1366
582 84
649 83
1607 51
1869 1714
1423 2059
865 924
2442 1379
2007 3270
2067 2790
196 2508
115 2122
968 1605
1928 2326
3261 1293
2641 661
1992 798
1013 755
2581 336
1675 2543
1117 1422
3087 101
1887 2233
2174 241
298 468
1830 522
1796 886
1301 444
325 190
1153 3078
1162 634
2853 2660
1671 792
2132 2275
3097 1955
1818 1072
541 1464
157 99
2848 2580
2853 1226
1630 2621
3089 2400
1217 1142
595 618
2452 2447
1871 2478
1307 1865
2398 307
1457 2644
539 1783
2296 783
1705 1698
1475 3264
2185 2206
1858 602
197 715
1609 1131
1115 2891
937 303
1701 201
221 1097
1429 1398
958 602
2067 266
2082 2957
541 1477
542 450
2632 492
1119 1001
858 1803
3249 2524
2054 1046
1708 1605
1605 616
2476 2160
2322 2320
2898 567
290 2701
987 2006
2274 499
1529 409
1312 1284
1890 2884
2435 2226
2362 1580
928 1326
1616 934
2092 1860
1093 1990
1733 3305
1933 2539
1128 1761
1661 2272
2803 311
2065 2686
2909 1970
1220 1721
473 2524
3113 2135
2899 2901
445 509
2712 1493
2932 316
1214 2650
187 199
263 886
3249 1808
2463 371
2486 1694
1214 1290
1790 621
102 1748
245 3189
194 3051
2174 2439
1398 1429
2000 2635
2050 1515
2182 886
1493 2187
1054 2626
2996 2997
560 2482
2580 1366
2439 620
377 2405
220 2782
228 1531
1256 2259
812 18
2845 924
2059 28
496 861
2405 661
397 1522
1958 1724
1605 1943
1524 3032
2868 2206
1861 76
975 2478
2927 1112
3258 636
2836 1970
640 1935
1593 1559
2153 465
1412 39
1971 1030
1783 539
2428 76
2210 1472
331 1083
2259 1046
773 428
99 157
1534 2703
1638 951
232 252
2736 3034
2399 2250
3256 3281
1066 3036
414 1666
59 2826
515 1383
384 1930
1013 16
1125 716
3176 789
2633 1064
992 460
2773 3272
1280 921
2782 2783
266 3249
2592 847
2420 1429
189 1802
2212 865
307 2398
2622 10
1392 2857
1829 119
504 624
311 1253
110 3274
3201 655
79 298
582 405
3128 2494
2127 1906
16 622
1256 3046
2575 648
453 887
1422 2254
2329 1180
409 2584
2475 2829
1404 1149
452 2214
3120 2464
2918 1710
860 2177
1625 2886
624 865
2166 691
2807 2806
2506 2362
2751 2517
1670 3256
3009 2120
2317 436
119 1829
744 2235
396 2217
3274 405
1290 59
120 337
1044 1802
1054 1214
373 2490
1219 2564
616 2415
2820 3324
1422 30
2925 2097
1571 3119
3274 1551
1071 2128
2734 819
3286 1667
2429 1625
3005 3003
3128 2208
1932 3046
1862 2582
2189 3215
730 2987
2538 2642
3265 212
1730 2516
1663 346
2785 229
2441 2440
2396 1943
1879 1811
2984 313
132 1329
835 2782
1580 1640
1347 699
1119 2749
628 0
2222 1772
627 2681
346 1663
1605 314
2988 1951
157 69
2829 2398
1634 2861
3056 1509
2219 723
405 1660
1764 978
1620 429
1531 484
2937 2936
573 624
1554 3044
2709 1023
2597 2596
170 881
390 2103
1131 1609
567 1435
1346 864
2174 2413
2782 1343
1768 541
2594 394
2973 465
904 565
2867 217
620 575
1214 51
1666 2427
441 2812
813 2770
2035 700
1429 1759
1808 3249
1153 3079
3241 1586
3209 1655
432 2983
1705 2559
960 2501
2957 2445
2435 2097
2201 1502
1567 2925
2435 2200
622 1117
1214 807
2462 2041
1833 7
2481 1261
540 3046
703 2745
2442 2687
1883 557
509 1362
2375 1155
2974 1936
1820 1954
2060 1189
895 1290
398 1251
181 1422
2365 3163
82 2271
1718 2705
762 2337
487 734
2595 641
2174 2861
1045 3252
851 548
1422 2821
1583 1011
468 2217
2908 2805
83 3299
737 263
1971 2479
471 2588
84 582
2721 1620
413 2204
2196 242
558 81
373 1605
1523 3171
2889 2890
793 916
1422 2244
340 1050
968 2196
1117 2925
2648 1894
3152 2541
300 228
2861 2174
1184 447
1264 2984
181 1262
2955 2957
2044 2518
456 1592
1715 784
2637 622
2630 629
58 1416
273 1417
2257 755
2124 1440
76 1861
1557 709
237 2564
1620 2245
2404 428
70 2557
672 266
2797 1257
1836 2447
2223 1139
2921 582
360 477
3274 110
2355 2356
2320 2321
1422 2823
1389 3043
267 749
928 95
2705 438
3002 336
2977 729
1858 3035
2676 2224
659 1720
1142 1217
311 2803
293 1874
2210 1239
336 3002
2646 771
92 582
1532 450
1519 3226
398 1843
3046 819
2135 3113
1257 875
2448 1683
968 2632
3080 3081
812 1789
2655 1567
1183 1600
691 2396
3218 582
2797 875
929 2863
2657 2863
1813 3294
1669 248
1960 67
2053 1422
454 2828
825 1080
1605 1013
482 833
414 2429
1894 2710
1708 2925
1607 1034
1034 2782
2368 1726
1460 629
582 2179
2414 558
96 1322
939 45
81 591
2875 2509
1896 2708
2367 578
3025 2580
146 14
723 1088
1422 887
83 3018
2976 558
2220 2447
821 2591
2572 97
3076 2835
638 2218
389 2989
2363 3164
2314 2339
2174 1802
3286 3287
1215 517
2596 616
1543 2067
1 2919
1355 2984
101 3161
1620 808
2864 2863
1708 1943
746 2420
129 1240
547 582
1907 226
1534 404
379 582
861 2178
816 2377
2224 1399
644 2282
1718 218
1916 2351
1255 828
1427 1343
541 703
51 493
2118 1344
637 2066
15 2521
1503 1674
317 411
486 3228
2709 1313
648 2574
2264 661
2649 2632
2228 682
1373 1885
713 1676
2426 1875
3272 2772
321 2227
850 1605
988 2458
2626 773
3009 2631
3324 268
1896 2706
2727 2726
2393 1297
12 839
586 1214
2163 1469
1537 806
2514 2513
3094 1314
2450 1683
856 1621
2866 874
571 480
1821 1483
2861 1634
1473 2964
840 2559
1469 2163
1695 2037
959 3075
1230 1034
2062 2378
1944 65
301 1204
11 2034
27 2021
792 2476
1567 2637
1655 2506
2646 2450
1422 2681
1377 1438
152 2546
1188 1021
1795 1483
1708 1117
595 878
1488 86
833 482
374 2790
2573 1143
681 2980
808 637
1034 2475
1401 2790
2550 2551
3229 1321
2564 807
1422 2116
2139 1422
2598 2596
1865 541
191 2169
1915 544
998 2589
1967 637
2607 1311
78 2043
2783 2782
3312 2022
800 706
2686 2685
441 1782
582 653
2771 670
2644 76
2267 1518
1001 600
2567 906
3203 225
1422 2783
2642 1227
1200 142
1650 120
3178 3179
742 58
2636 95
622 1013
1167 2711
473 1808
430 1684
1422 1658
709 2174
2660 3255
3037 901
1259 2510
203 3009
1429 2420
2603 613
919 1425
247 2613
622 2925
582 547
1668 1415
2841 2127
2790 1401
2444 2650
1721 1220
60 916
2964 768
1971 1448
2174 1359
2121 2390
2147 2421
2846 2668
2045 2783
1757 3030
2746 1845
2883 2507
2110 1398
723 335
2398 2002
1341 409
2584 1894
1097 559
1315 998
2953 1088
3039 610
423 1756
1731 1943
1159 2755
2377 937
2136 2505
1591 2293
180 661
3068 1868
162 1070
1310 3221
1434 101
582 2840
3179 3178
155 922
2703 1152
2931 637
3056 474
1268 431
1363 1172
1176 2226
564 1477
2021 895
1296 1585
222 1392
1013 1567
1824 1883
2605 1028
2677 114
677 1275
985 677
846 3193
1787 2209
314 622
1324 1410
1969 3307
3172 3171
1868 2729
703 472
2886 2681
51 1607
656 2940
1306 3180
747 960
1833 108
1379 2442
1517 847
2323 1619
670 1311
81 1527
2063 2113
3227 2320
33 824
2658 109
254 2732
3134 205
1537 524
1422 2784
688 279
2638 351
3022 1610
2524 473
394 2594
1429 2147
985 1275
1755 2363
1902 2976
1804 2458
1080 641
1560 2559
2722 2723
1459 841
1034 492
2551 254
102 1639
825 2855
997 208
2152 1145
300 2763
2064 1422
1021 2108
1207 990
796 2063
2426 816
220 1422
1916 390
2606 1449
2466 744
155 2776
1586 562
1802 189
763 36
2331 1558
370 2157
1222 2684
2416 373
1262 495
43 1429
715 2404
2828 2181
373 314
765 2124
114 1538
582 92
2217 1417
2490 1422
603 241
1097 486
2829 2234
12 1357
1187 667
3261 673
582 637
1330 565
2531 1039
2433 218
1333 2711
12 1622
2858 490
2085 1002
2255 2486
1422 2435
1678 2631
2415 616
1557 172
150 677
1875 2426
2212 1999
2531 1170
269 3235
411 1033
1202 486
1416 58
2119 2196
1225 1170
156 1334
3025 2581
1422 2825
1619 1044
14 1248
2775 1301
1657 2868
2738 1448
2993 3215
1159 2086
140 1713
2350 2351
2404 1940
1123 1084
2364 881
1779 2974
2783 2045
43 2632
1806 2804
3221 1310
1570 1202
3116 3115
932 779
2501 960
2922 635
968 2774
3230 1321
2064 2396
1985 2909
541 1768
1536 2452
2815 411
2829 1157
1725 773
755 549
968 59
1290 307
1053 63
3059 3058
2989 2990
1005 1816
709 1424
1266 271
109 2658
699 1347
2675 2224
1296 406
2065 3206
2351 357
2706 2703
225 741
841 1459
2549 2367
1413 787
2829 528
1596 1045
823 1909
2524 2202
312 2644
350 2399
567 2005
1079 1707
575 620
583 2384
561 3025
3102 711
1462 1313
2411 3273
1536 2220
95 2636
2964 1956
2404 661
3275 744
1118 1194
1227 2642
2559 1705
2949 2561
2380 1584
1896 717
2983 432
532 30
557 1922
2476 792
413 805
2224 2676
26 2729
677 12
1000 790
2307 2175
2774 2925
869 431
2408 1988
2161 2424
2240 1364
1453 1875
616 1567
453 2784
2854 2141
246 2782
576 1887
2577 525
3263 3030
904 864
0 628
2418 2166
1112 2522
1219 1214
713 2588
1582 1422
3270 2007
208 2966
2114 1705
1096 2638
279 688
390 871
222 2729
2966 2703
1203 664
1580 2880
2373 1971
2433 1718
2367 1411
2422 1429
528 213
530 1641
1131 1251
431 1174
721 1485
544 2302
824 33
582 563
2952 2931
2269 472
2976 2703
208 218
1616 1752
2580 1180
3046 2278
2925 373
2681 1131
2142 2971
208 2706
204 1434
1160 1432
2793 1192
2348 1840
2358 1887
245 3124
965 1567
1097 2933
1711 1774
1855 2343
1033 2819
2767 1138
229 895
1350 1399
2189 379
2557 70
776 1030
2435 1176
2634 1392
2930 308
2091 1811
2505 2136
813 1874
865 1836
715 1940
1399 2675
1724 1422
1841 1372
2973 3009
266 672
935 2590
2278 2259
2315 136
2731 2005
1709 2948
2448 2447
2063 2196
746 3193
1821 1176
1227 44
3198 1811
2597 622
3181 1306
406 1296
1410 3294
1517 2361
1245 2482
2285 2248
707 2028
1986 2711
1192 2793
2631 1678
755 220
1167 13
325 3184
144 1130
2252 853
1422 2047
3257 412
2853 296
1279 2628
133 1631
147 2404
2639 661
2829 2475
2305 942
514 2810
2762 2999
310 1878
2547 2163
2534 2837
654 83
1235 2245
1887 2358
238 735
2937 310
2494 1471
222 2857
1422 492
2836 212
351 180
2230 2784
2581 2580
92 2189
616 931
2950 2292
1282 2381
1896 211
969 1687
1948 999
1219 2782
2642 338
30 532
586 2782
1585 2020
335 1088
484 1531
1214 1480
2622 131
2774 1301
1915 1253
2269 541
1131 138
2217 396
540 2646
2703 438
2606 774
2889 608
2776 155
2323 2434
1130 2728
1708 2416
2646 2278
1262 2978
682 2494
1352 1829
1176 2435
3267 3102
2181 686
1119 2552
1097 2427
2215 1461
1180 2848
642 1000
58 284
1471 603
1307 2112
2273 2022
1568 2680
471 2314
1095 1074
180 2639
2871 1104
2434 976
1075 2780
460 1751
2048 2710
3272 378
2673 2670
2605 611
843 473
3153 624
697 1783
2663 755
3071 1369
70 2245
2527 1202
649 2495
1030 2353
27 1422
2899 1946
2316 923
2601 1302
968 2596
239 767
1944 1575
1757 2319
1487 1491
2343 1084
172 1557
2029 3205
3276 482
319 1536
403 3185
582 1387
145 3121
931 1117
1253 49
2859 2830
1714 1869
1181 3316
552 2412
681 2577
1584 2379
2720 2519
902 2572
3124 245
930 796
1577 1119
3060 911
1051 1035
1193 1981
3221 689
450 1020
1708 314
1189 1767
1239 1087
2028 2721
3139 1992
2150 17
2172 2014
1411 1286
2124 765
1456 2694
2835 783
986 2419
83 1842
616 2166
2994 49
1829 1352
1144 1282
696 869
1087 922
2428 1875
2707 1896
3080 20
2632 43
1089 1400
361 2649
1914 1688
1795 1821
794 1041
2899 1135
3252 3253
1949 959
2681 627
3297 1664
2412 1352
2507 186
2569 2016
1132 76
1370 1283
1395 2866
2401 2959
1587 2331
792 2160
1625 154
484 1210
865 670
1666 414
1903 906
886 850
2767 1769
390 2105
1122 2396
2730 2898
404 2705
1422 2820
2644 312
1655 3209
2372 2373
1259 749
2625 40
1575 2919
218 1482
923 3018
1275 588
3158 963
110 1704
2681 1012
2799 1973
2166 1117
2020 1445
616 1605
2581 1180
1382 327
2729 689
2485 1568
1009 2507
2374 2372
1586 3241
1445 2020
1422 2651
968 796
161 2735
2718 413
263 2655
909 2268
2626 1054
150 1760
3213 506
1567 691
2447 2448
2789 339
242 2196
1853 1009
1046 2054
1455 142
2382 1144
565 1264
335 723
2939 93
486 1202
2948 331
2352 431
285 1967
2730 2729
1083 3069
1225 83
2282 229
777 316
14 146
2254 219
1625 2638
962 2416
2923 754
2936 1878
106 2189
2788 2938
887 1034
2092 2436
2486 2255
2796 1173
3244 1085
1112 1644
2819 1992
2940 656
3279 2026
1567 2655
865 2212
2057 25
2927 706
486 1
1583 517
684 609
792 1671
2043 78
2597 2418
2063 247
135 28
771 1103
1620 2335
16 2415
854 205
2884 1125
2967 968
2661 2080
1034 1644
1822 508
344 2238
2867 1770
2646 516
1144 2382
2779 1585
1587 2919
2331 1130
1875 1517
1767 1208
1073 3303
1447 751
414 1625
2639 351
2021 2023
2005 567
227 2619
3221 2255
3131 2167
3269 2007
3237 1047
1123 2343
2314 28
1736 982
373 1117
1448 1971
450 2507
274 52
1092 1662
2105 600
3259 1133
1788 2251
1429 152
2275 2132
1034 2925
2816 1004
373 616
2558 2420
2345 2347
1733 1123
1841 1193
1202 347
1510 49
1259 2897
2164 1327
2025 304
2580 3025
545 2259
796 242
464 1853
2111 389
2925 993
1157 965
2331 1429
2505 650
3011 1808
2911 2515
253 2579
1064 1853
1828 857
1774 1702
992 1421
2352 696
1208 2060
1746 3071
2857 3212
709 1557
676 582
235 256
2420 2558
2074 114
1759 1918
1990 2424
170 2571
831 3063
799 1422
1992 123
1582 2299
148 2068
1071 2822
1635 1386
1943 2398
2424 2425
2783 1015
2319 1757
2559 840
2447 2451
2426 3027
300 1410
450 272
1212 1205
982 1130
2630 1717
524 2938
2678 1883
1594 202
1214 59
2955 381
2302 544
1071 2829
1943 616
1766 1991
1268 2352
2681 1625
2487 2488
63 1053
310 2936
2549 3152
611 2605
847 1853
881 2363
2398 2396
2782 220
1202 1570
1117 2596
2827 1422
1238 2782
1643 3325
1045 3253
2102 1811
582 2249
648 651
169 929
713 2604
875 1257
582 3218
865 1335
2466 1698
2234 1422
755 912
713 2314
2820 2925
80 359
1433 3065
912 373
2210 3153
1987 2174
1021 1188
2989 1984
1943 27
55 2119
2782 586
1316 612
2331 25
1348 1080
997 1896
1251 1843
3152 2549
540 555
2473 1629
1917 2339
1286 1411
3156 88
1239 2249
1729 2345
1981 1369
2212 2578
2986 730
852 1304
1669 297
2925 2398
1879 1097
1971 177
1120 2654
1674 1503
582 2973
329 2618
97 1201
2656 951
1019 1875
1281 1943
2089 680
2626 1831
1600 1183
1671 2400
1248 146
3249 2492
468 2719
2775 1943
50 2528
1896 404
2097 993
2360 1875
1082 829
1940 136
2134 2911
3013 965
1300 75
101 3087
2703 1035
1340 101
554 799
2339 3071
1186 2306
1439 2638
1070 1625
1151 1847
2176 2853
2899 927
1117 1708
399 348
2396 2064
2487 138
624 573
1303 3047
2550 1927
328 660
3249 1809
1854 1435
2622 755
1781 2659
466 936
394 2711
97 902
2764 2765
1157 1281
2543 958
2416 1567
33 3197
933 1905
3108 3110
1605 2637
1077 83
2945 1926
968 2967
1380 1416
773 1647
49 1253
16 1605
2401 2312
624 1272
1286 3286
1127 3141
2544 1137
64 1431
696 2352
1443 61
573 670
1999 2212
2868 1220
2790 2067
2547 2316
3228 3236
1813 2184
1465 2832
747 1723
2328 1812
246 1422
505 1729
918 3080
3193 3195
2969 903
2369 1330
2948 1709
1991 364
2316 1311
2828 835
1408 1326
1233 228
1812 2328
2372 2374
1962 3031
677 2506
130 582
225 3203
1040 2877
2366 78
1230 1666
2284 98
567 2730
655 687
1555 667
2558 1542
2773 214
2058 1613
931 243
1220 2672
1422 1015
1020 542
2381 2382
2195 2566
186 2883
3121 145
3195 3193
2174 1264
2149 2789
1273 1422
2052 1094
617 2290
2836 2835
2162 2622
52 1617
1230 1290
1942 268
1531 228
2369 709
1292 1811
3117 1252
670 1836
911 540
923 540
567 222
1350 147
2080 2662
289 1422
2631 3009
1725 2404
2513 2514
255 2277
23 1942
28 2312
1463 2704
1672 877
2991 1122
831 125
363 800
1130 2110
1927 191
2405 377
773 2264
3026 1620
345 1452
2618 329
1416 740
2094 2974
1625 1875
381 1457
567 3221
606 41
2510 98
3153 2210
2843 2842
2785 1012
1135 2899
490 1394
2254 1422
1374 2078
2927 1617
1887 598
1143 3053
1620 1027
1965 1956
2673 3284
2354 1030
1685 3133
1154 844
561 336
2308 2341
2835 3274
2720 413
3083 321
303 1190
2483 1251
28 2313
2754 1159
3131 47
388 2254
95 110
2925 2775
47 820
1662 1092
968 220
1381 2553
342 678
149 364
139 602
2342 3045
861 1171
1600 336
1410 2815
2827 510
1237 3219
1538 114
1484 2912
1235 2335
1522 2245
3068 1218
1698 1705
1340 2855
1545 1000
58 740
1724 2253
487 2108
2927 1533
2880 2311
2978 1262
2519 395
1435 2729
3320 3319
830 482
1064 1202
130 1004
3249 266
3286 374
89 35
637 2440
1239 1052
2581 2848
1967 582
280 1296
1411 2366
2670 2671
1251 2622
864 1346
2626 428
673 3261
912 622
2585 1190
1489 1805
137 2782
768 2645
2723 2722
2272 1661
202 1594
1585 2770
2562 808
1097 1467
1328 1253
1155 940
1107 2496
518 1896
2067 2732
66 1062
1012 887
1948 1373
1778 1771
566 698
1903 54
1422 2668
2174 2017
1076 482
357 2350
1439 661
2667 941
3080 918
1728 352
2853 2176
421 2631
2459 2458
2411 1505
623 632
3296 342
2103 390
1885 1373
208 404
1778 3257
2473 2672
1121 355
755 137
1750 3321
2196 138
1319 1603
16 1013
1808 473
2703 1902
490 2858
2568 906
993 2774
2645 768
1106 2403
453 2254
722 3107
2647 517
1981 3312
2531 584
1247 819
2622 1591
680 138
368 1199
2820 1112
349 2760
450 154
1330 864
2316 2673
110 95
908 1569
1879 607
2979 1856
405 3274
331 1278
354 3006
1775 1873
2840 582
1036 141
2421 827
2501 441
3139 3244
1644 1351
937 2782
730 2985
2851 2852
1721 1959
827 122
1523 1285
586 2116
2786 2667
1984 2989
3224 2462
2580 2848
3246 1462
3081 3080
1866 2081
616 755
2924 2401
582 2921
450 1532
3300 2599
3182 163
1033 8
2234 1281
2477 2559
574 1518
1044 1264
2175 2307
242 1582
2472 2473
603 3128
2645 2217
2196 2519
832 1779
2254 388
3216 582
1721 1393
805 986
968 1422
3065 1433
661 2405
2375 877
2471 891
2719 468
3249 227
968 1943
1896 2702
2349 523
2633 930
2366 1411
1045 1596
2312 1654
968 2782
1108 891
1116 1836
1180 1600
501 1575
3021 1305
2264 1831
2977 637
2586 3138
2919 1587
1170 582
1981 1193
460 992
1023 1493
115 880
321 3083
3272 2773
1758 347
2911 3046
2174 3138
1510 1253
297 1669
1925 1529
104 1964
620 512
874 2866
1144 1556
2499 370
626 2126
174 1289
2814 1410
1281 1157
887 43
941 453
279 2326
3067 3066
1992 1818
653 84
836 537
2036 1550
2418 2490
2626 1112
1644 1012
927 1135
3193 1186
1620 62
890 2454
1545 790
1979 1060
1982 470
2325 1213
582 18
1152 2414
1155 2442
540 83
622 2416
122 827
751 1446
734 3304
232 333
1033 383
737 1460
520 2380
1949 970
2599 3300
1396 1144
1943 887
513 297
457 1438
2071 1611
2010 3044
2917 2916
2228 1561
2425 2424
1105 1167
1091 1471
220 755
194 397
541 3049
847 2520
3057 3059
2734 142
2462 1165
1836 2578
709 2369
2782 1238
163 3182
204 3087
3274 2835
98 353
499 2274
1220 1629
218 208
1523 3169
2310 731
1034 1422
2110 1666
1484 2113
1155 2375
1567 616
497 2975
435 1019
2316 2383
2443 1731
1613 2058
1704 2332
371 1423
165 944
1605 2416
2209 2604
1635 1112
1664 3297
436 2317
2828 2585
2427 1875
2033 1743
1112 3014
2739 856
160 1616
1066 245
2830 2622
637 2977
2396 2398
577 1971
1811 1292
674 1865
2704 1463
2458 2460
2053 453
1626 2856
2221 1859
1826 1620
1617 1724
2519 136
2555 2554
2774 2097
1332 2777
43 1625
1474 70
442 2911
2974 497
2398 2107
2080 577
943 2010
60 2992
1666 1130
492 2404
581 1750
375 1793
1575 501
3295 1679
3133 672
958 139
1422 549
2925 1910
1758 2217
2830 2859
37 1745
2877 1040
2264 715
2844 670
396 468
1302 1461
1943 1731
1096 661
1561 136
649 2646
1865 1727
2628 2627
1605 968
637 408
2450 2646
1390 1231
2541 2288
264 1267
876 2848
450 2519
1343 1943
153 396
2221 1690
3202 2153
434 2361
263 2422
843 253
2440 2441
2564 968
1999 2578
2323 1044
314 1605
886 499
2320 1028
590 2206
2912 2063
2451 2447
664 530
929 169
468 273
1145 81
541 3274
2398 2829
2020 483
98 2284
2585 1422
767 239
1034 453
982 1591
2506 1238
2242 992
1727 1865
19 1338
2241 718
1043 2498
228 1233
2196 1136
3244 3139
2863 851
2782 1480
594 292
2341 49
1186 1868
2665 2784
1989 3027
2596 2481
542 2295
2418 622
679 1979
894 1070
2477 840
2737 2738
2285 1598
3252 283
1158 2813
2882 968
3128 1471
2926 2927
1422 303
875 231
441 2501
2250 2399
190 3107
1426 3153
2203 476
2330 1011
1482 218
45 939
1365 1933
1097 468
226 1907
601 3192
205 3076
300 2815
1772 1822
1260 2219
1180 561
1927 2550
2477 427
2498 3274
3194 3193
16 2418
2626 3054
2565 1761
1418 285
2973 582
2824 3308
3071 2022
622 1943
2002 2398
1249 112
2083 2106
3188 2155
2549 2548
3092 1664
463 2539
2058 1287
2829 433
670 865
492 1644
634 1162
1567 16
2898 2730
559 1570
1426 1033
2622 2162
2683 721
2631 2132
1687 254
331 1709
2855 825
1018 3241
2474 2033
148 1770
2411 68
1255 588
2667 2786
2217 151
1013 1943
1835 2063
1319 2237
2100 582
1289 174
829 1505
1758 2253
1441 1762
2217 273
2335 1522
2784 453
695 2483
2400 3089
2458 2459
1731 2230
2447 1939
1805 1649
2097 2774
3075 959
800 363
521 964
294 540
24 2027
3208 1949
1530 1099
691 968
1429 43
591 1527
1879 1986
3050 541
3165 3166
1989 2427
313 964
523 2349
629 2630
3171 1523
1422 246
1252 3119
3106 3107
2248 2285
208 438
2956 2955
200 2843
941 2667
2230 307
2430 2337
2396 1422
1789 812
2080 1912
3215 2154
416 1758
2234 968
1619 2323
1493 1023
413 311
2097 213
2704 2414
550 3010
517 1583
475 3295
225 1066
507 2834
2577 705
3021 1067
667 3101
620 2605
1453 1625
3014 1617
1777 2224
2217 2519
2351 2350
2977 2025
1641 530
870 2019
2979 230
2023 27
511 625
1189 3021
2655 1980
2670 2672
1868 1218
1398 2427
304 2025
1263 2529
3301 1908
582 647
2530 76
562 1586
1428 1884
51 1214
616 1708
2868 1725
2292 2950
2264 773
872 1665
803 990
1721 2672
78 1687
1366 2581
1422 2785
1810 901
292 594
1422 2053
755 1013
648 1143
2334 2309
2627 2628
667 1555
486 1097
151 2299
2479 1971
240 2942
2782 2784
2662 2080
2680 1568
1195 749
585 1214
1202 770
2733 254
956 1461
1290 27
3194 1822
2205 1879
2406 443
2157 370
2894 2159
17 879
2967 2115
942 2305
3011 2949
3140 666
305 2929
806 1537
1707 667
1094 3051
2868 2473
1414 1422
287 1011
170 2228
519 3146
637 494
2845 624
112 1249
637 1967
995 925
772 1296
2389 2388
1186 3193
1992 3139
1002 2734
136 2519
2984 1355
1738 1156
667 1530
1736 468
2396 1342
3184 190
1938 1623
920 1469
847 144
1889 2751
3237 46
1896 1534
482 830
1875 847
453 1034
1666 1625
1246 2776
383 1033
3037 1624
347 2073
687 655
303 2116
469 1478
2733 1652
2404 2638
314 1567
585 1943
1524 3064
747 803
1864 675
624 2845
1293 673
1550 2036
96 132
1551 2332
1157 2829
2700 1601
2282 644
1644 2247
2586 744
1878 2446
1708 373
2961 685
1131 1666
3206 330
1457 2956
1017 530
540 923
3059 3057
930 2196
2585 549
2592 2073
1918 2649
2626 147
860 3296
1180 2581
984 326
254 2551
962 258
2233 2372
2925 2257
27 1012
2140 22
33 1822
1542 2420
773 1725
218 1896
1066 3203
2493 1903
3318 83
2371 2369
2040 2957
2779 1211
1035 1534
314 1422
3009 2973
2358 2431
1049 2339
2840 587
2158 100
1044 1619
2893 2385
832 73
1379 2375
2022 3312
1902 717
2296 205
247 169
1112 887
1034 1617
1422 2830
83 3318
2650 1918
2143 1814
472 339
499 886
2899 2631
2069 1937
2264 428
1125 1031
771 1256
1568 2485
2559 1560
1811 3198
2815 1410
664 1026
170 2583
3116 324
2736 451
2251 1788
968 1625
472 541
1918 307
1422 2490
3006 1822
1472 2210
316 2932
582 2447
2239 1494
212 3076
150 1097
526 2163
2976 81
2289 2907
2458 1742
535 946
1665 872
1811 2102
847 2205
263 525
194 2900
2782 2786
1668 1008
247 2088
2770 813
3169 3172
582 2391
3304 1651
1640 1923
3299 83
615 1818
1651 3304
391 2995
889 1430
1633 2622
1143 2573
1419 2389
757 2099
1274 1739
493 303
1994 165
1009 755
3107 1822
3028 2427
2785 2782
3029 359
1131 875
948 1114
1062 2232
40 631
2782 1290
2025 2977
2204 2166
2167 3131
809 541
2358 1867
472 3274
2560 777
2011 439
2874 2371
869 2352
2292 2913
582 2066
2399 1875
865 624
1050 340
793 60
1784 3205
198 1453
1654 2312
2485 2767
35 89
3193 846
1944 506
1478 573
923 2911
1015 2783
1214 2585
98 1078
1214 586
2842 200
857 443
2427 993
1907 1847
1705 427
2655 42
1988 2408
1168 1814
2481 2480
1887 2232
2993 234
776 781
3129 1349
2612 1210
1625 31
2507 1009
2060 1208
1543 1286
3105 479
2380 2379
3222 2092
2519 930
766 1037
2775 993
1648 2266
2669 2603
1180 1366
486 509
2502 1511
1046 2259
936 709
1846 3247
1097 158
1875 2205
70 2899
2021 1422
47 1388
1856 2979
3241 1032
1857 86
898 1931
409 1341
2217 1758
1082 3273
2580 2581
2761 2763
438 2706
2999 1006
582 1967
1518 2267
468 768
2829 1422
1006 2999
303 493
2920 1004
254 1543
179 1298
3112 1673
1965 1251
2314 2588
2779 1384
1422 1590
2490 2416
245 3203
2597 314
1021 3066
2467 877
1454 109
2596 2599
1009 1422
3133 3134
2346 2080
76 2428
2649 1918
582 1002
1625 43
2004 3143
742 1380
942 2343
3159 3019
1442 2437
1093 2424
783 2835
839 1357
101 1434
2817 1324
2849 2850
1904 2666
616 1422
1809 3249
1180 336
2477 536
574 2267
990 1223
1409 2738
2950 2951
2005 2713
1253 1510
427 1705
3302 1908
451 2736
2925 1605
119 3133
541 1865
593 2325
1384 3052
3263 460
2189 2921
1330 2369
3162 1328
1027 577
1829 2035
2922 437
1970 811
2968 2829
951 1638
344 3289
364 399
55 186
2434 1044
661 1625
2892 2117
2147 1429
49 2341
2641 2638
1896 2707
2926 1232
217 2867
2911 2134
1059 41
2215 1710
2829 2774
2899 1068
3038 1624
790 3026
2377 816
420 1933
2134 624
3296 2920
1030 2062
2643 106
2615 216
1709 1083
2443 1825
1918 1759
468 1097
2234 2829
819 1200
638 3039
2844 504
816 2426
2729 2730
1026 3157
2925 2967
2507 2506
1933 420
922 155
968 691
1580 2361
2059 1423
1684 455
865 2266
2638 2405
331 2948
2646 2911
703 541
1117 1943
2646 819
2965 694
2411 829
2063 61
2237 422
1097 1894
1580 1517
719 755
1977 933
1618 1864
2081 1866
3017 83
205 3134
1814 2143
2346 2345
2209 2555
1097 2919
538 632
1575 2478
374 3286
664 2438
1411 1726
2705 2706
3215 2189
1178 69
622 1708
132 779
61 1514
1468 2350
2984 1395
2525 51
579 1531
2989 389
284 2009
1432 1160
687 3200
3193 3210
3201 3200
2099 459
2534 1944
1763 1535
814 908
3139 1085
49 2228
1964 104
1190 2828
1718 208
2579 843
2516 2517
2868 2244
1599 2116
1889 2516
2370 69
413 2719
755 2665
1557 1028
1027 2608
2403 1106
990 803
200 2842
733 1296
1605 373
2570 57
1183 2643
1625 1251
2684 1222
2348 1224
3273 1082
2782 2230
361 2444
777 1691
745 2921
1431 1237
2325 593
530 664
229 2785
921 3026
1533 2927
2216 786
94 2793
1275 985
1634 2208
138 1853
2670 1721
2153 3294
962 59
887 1351
1760 12
1052 2657
835 3030
428 1647
2316 392
1473 1212
2245 2095
1913 810
453 1644
99 1015
2113 2912
996 3116
2361 2311
3031 1962
549 2585
1422 289
1865 1307
887 755
2585 303
1821 2200
632 623
3282 1917
2490 912
3220 1822
3130 47
1835 286
1668 154
708 3156
2825 1422
1248 14
2810 514
1417 1758
1079 1555
3074 2435
666 3140
142 2734
2919 158
2095 2245
2650 2444
2674 286
2980 681
2335 70
661 2404
2282 2185
1896 2048
307 2782
1190 2585
2980 2981
1004 2816
2434 1222
2405 1940
1585 2779
376 2300
1943 2775
1880 3150
2681 1422
660 328
2861 1091
2220 319
2650 2632
1647 147
1812 413
2416 2490
2900 2899
2209 2554
673 1293
2506 2361
1218 3068
116 3310
2290 619
582 3216
2617 2618
720 257
561 1180
1384 2779
3203 245
3030 3263
1629 1220
171 425
2536 668
1522 397
1511 2502
780 472
1746 371
747 2501
16 2166
2790 1286
316 2931
2252 3231
2478 2919
835 2181
2056 3243
2372 2351
1422 2650
1010 2925
118 3133
755 153
582 1200
486 1362
582 489
2356 1570
2003 161
3144 3145
744 2586
2975 497
422 2237
1667 2603
4 467
2455 1253
85 2893
2736 2070
1357 839
2527 1064
2711 1894
1264 565
1845 1227
2659 1781
157 1178
717 1902
1124 315
1368 306
1464 1551
2335 1620
1888 2093
648 525
706 800
962 2226
2790 2368
2520 136
2413 2174
2361 1517
982 468
582 130
1097 1879
1903 269
2640 2641
108 2137
3119 1571
582 1693
2911 442
986 805
2622 268
2703 2976
205 212
1744 1610
1025 2490
839 2487
1477 541
1214 220
2585 2782
3200 655
1875 1019
3193 3196
369 580
2646 1842
2594 1333
422 2867
2873 2872
1645 980
1906 3155
2545 889
225 3204
2404 1644
2114 2559
2122 1835
1422 51
1388 47
509 486
582 1525
2909 998
1400 1944
2625 147
660 71
887 1422
668 1294
197 755
460 3263
641 1447
69 1178
2637 2417
319 2220
1117 2637
2532 1082
1607 1422
3073 213
837 3283
3228 269
17 2150
2426 1989
2429 2565
1708 2637
620 2174
228 300
2705 2966
435 1875
1493 1894
243 1812
803 3019
612 1316
101 825
3163 2365
1185 2955
338 1227
1422 453
2114 427
1879 394
2444 1422
2311 1242
1896 2703
1286 2790
1890 1772
2228 491
160 926
1461 1022
561 2848
1942 23
136 1561
1943 2226
817 2616
2753 639
395 2622
2866 1355
132 119
2985 2986
2729 26
444 1301
2899 70
3325 1643
1717 629
166 667
1708 2596
1579 1092
1791 1196
1361 288
2790 1726
670 974
25 2331
773 2626
2400 1671
1853 2527
528 2829
3264 1475
1609 1625
1648 1288
1471 682
616 622
1501 6
2667 2128
70 3009
630 365
2798 1899
474 3055
3118 3117
1364 407
21 1073
2622 1759
62 1620
1611 2071
1000 2400
2063 2912
755 2622
3135 3136
1825 184
1046 545
649 3046
2650 1422
563 582
1305 3021
1088 723
2132 634
1015 1422
1697 75
2833 2832
1028 1557
1238 2506
3008 1933
1896 2170
1735 562
1251 1625
2368 1411
2400 1326
16 1567
1486 1864
450 1965
2427 1097
1703 1010
1223 990
2703 2705
1267 264
177 1971
772 1331
2269 1551
2706 2705
138 2487
1768 1964
1034 1607
1341 1925
3232 1907
2875 675
2440 412
269 3228
1894 1105
1422 2181
225 1528
2655 1476
778 3223
3034 2736
2597 2481
2125 2821
590 2868
2981 2980
912 1117
2859 1230
908 814
624 2578
16 2597
3006 354
678 342
540 294
524 1537
3160 2062
584 1039
2638 1740
2005 2731
618 236
966 12
755 719
1743 2033
624 1318
2703 2170
912 755
2391 582
2379 1584
2835 2836
1343 303
1214 2230
691 2597
1957 2171
760 667
2183 1580
314 16
1708 1567
1028 2320
314 2597
2277 255
1822 33
1575 1944
2519 2720
1864 1222
2053 1214
3272 482
2170 1896
2682 2329
1753 582
1960 671
3027 1989
2207 2190
744 3275
2625 2597
2181 492
1932 1225
1890 2222
1456 2188
222 2634
1117 373
13 2711
1625 1492
2215 87
1004 698
44 1845
3125 1907
1170 1225
313 2984
2217 796
2166 2204
1505 1450
493 51
465 159
1070 162
1894 1167
667 1187
2196 1877
1918 361
351 2639
1616 160
1758 2527
2185 590
2214 652
1551 1704
2496 1107
3064 1524
1059 1337
1647 428
1869 341
2437 1442
1650 2888
1683 2450
1507 3001
2713 226
2418 2597
930 2519
2286 2965
100 2158
2427 1989
3152 2367
2950 2952
3192 601
2639 2638
2784 1422
2610 531
83 649
1094 203
99 2571
1581 3242
1472 2646
2643 1180
2842 2828
109 1819
1271 2601
1665 468
1672 1971
2978 259
2538 2334
655 3200
1422 2824
635 2922
3117 3118
212 205
2911 610
2232 1062
1065 750
2066 1967
993 2775
2556 586
1989 1875
2519 2718
1214 2053
2774 993
1951 2988
3267 3103
1981 3071
2264 1997
2705 1896
528 2396
2324 55
2269 3274
1724 2542
1831 2626
1911 121
142 2059
725 557
2326 279
690 2948
2637 3164
1617 3014
3040 2348
1687 3220
661 180
875 2797
2670 2673
2911 1103
1759 2633
3025 561
775 1376
616 1943
918 3072
1718 2433
2562 637
690 2939
1801 1216
2610 2611
2375 761
2113 1484
1343 2829
527 1943
222 567
877 1672
2722 1254
2291 2828
2673 615
1392 3212
1112 965
1461 2215
2673 2316
2398 1251
3274 95
3207 3051
222 26
790 1545
1056 2593
2087 891
3286 1286
1534 1035
1227 24
2176 917
2313 28
2316 2547
1429 1399
6 1501
978 1422
2458 604
1333 1879
2041 3224
2062 1030
1917 3282
887 1112
2115 1422
491 2994
688 1928
2269 1704
570 1786
414 1128
2303 2042
694 2965
1943 1157
2023 229
866 3239
2385 2893
981 2311
2366 954
2615 2812
2748 2747
1161 2714
2147 1587
2928 2773
1392 2634
1672 1155
247 2643
152 1666
677 2443
3116 996
1004 860
1605 912
2184 1813
1410 2814
2874 1091
2518 2044
1944 532
1018 2514
2487 2489
1462 2039
1683 2220
1012 2681
803 747
1170 2726
902 97
2161 1990
2812 2615
1035 1051
2293 724
2198 102
458 2358
2951 2950
1422 799
1109 574
620 2321
603 402
1943 1281
1461 1271
476 1247
1574 825
2896 2897
2230 2860
2805 2908
508 2732
2228 49
1298 2092
399 364
1943 527
1979 679
1559 1593
2353 2354
2416 16
2832 1465
142 1200
2491 2492
501 1011
2829 2097
1112 2820
2880 1996
3017 3046
1896 997
1422 181
2651 2021
2603 1667
2672 1721
2187 1493
905 1484
582 3148
2032 242
1149 1404
1877 2196
2691 533
579 1410
1705 1560
844 1154
2369 2370
2297 2284
637 2562
589 3096
2427 3028
1859 2221
3185 1662
28 1912
1889 329
378 2767
661 2641
689 2729
49 1510
1587 2422
51 1422
70 1474
353 2434
351 2638
437 2922
28 1578
486 2356
2975 2094
711 3102
1853 464
1106 2757
968 1157
540 2515
2584 409
2094 2975
1202 1064
595 1961
1624 3037
260 2749
572 1024
1406 98
2257 2596
2728 1130
3030 1757
843 2579
1973 1877
3090 3091
1532 1915
2226 1176
857 1828
1791 2055
2271 82
1582 236
1623 1938
1805 1489
283 1596
1587 1399
942 156
1080 825
1997 2107
1259 1078
2316 1921
3108 954
1849 2400
324 3116
1435 2730
1173 2796
300 1531
3282 2339
2626 1647
914 2136
1625 2681
3000 2828
847 2360
2861 402
419 476
1599 453
425 171
1470 633
2392 2393
3233 935
2733 2732
2888 1650
610 2910
242 1736
2066 808
757 1420
216 1655
1447 2811
1767 2168
1326 1408
2507 2196
1699 2369
622 2418
2925 153
1171 861
1567 886
2252 778
1140 487
2706 208
2423 2424
960 747
903 2969
2257 2925
2604 1676
2127 2841
1037 766
3080 3072
3227 1557
2174 98
2368 374
282 2348
1762 1356
2021 27
1422 978
937 2377
2866 2455
1625 2224
107 3193
2189 2740
1707 1079
2596 968
1742 2458
1577 1001
266 2067
80 2316
2565 2429
2014 3088
1220 2472
251 111
2304 2528
3098 1229
1894 2052
2539 1933
819 2734
1736 138
962 2097
13 1493
254 1822
2113 61
1427 2925
2650 1214
1662 3185
1587 2420
3283 837
2023 2282
1944 1400
2717 2151
1429 1989
685 2961
1385 2452
585 237
2406 1828
2233 1887
2646 319
998 1315
1585 1296
1214 1012
2499 2067
1817 450
1983 3152
1308 2680
1214 2023
3268 2271
2328 1031
1165 2041
3118 1571
1174 431
2350 1468
2580 561
2021 2651
1492 1625
2773 2772
1422 2139
1567 1013
1013 559
541 2269
1035 2703
582 1660
1704 1551
2512 884
2758 1339
912 1708
2632 2651
2509 2510
1410 1324
926 160
3184 330
887 2021
1832 2163
365 1150
2509 2174
1189 2060
1452 345
1759 136
2211 1232
2868 1657
1569 2708
1013 2597
3274 2498
2651 2632
450 2196
167 2909
2823 1422
2605 620
2222 2067
923 2316
1589 1076
60 793
3205 1784
2733 2492
361 2185
2804 2805
2466 39
3017 2911
12 1097
2067 1543
1976 2827
3163 424
1331 2142
1163 2348
1422 2585
1818 2030
755 1009
822 1043
1710 2918
1429 2331
1144 1396
2925 1708
2235 744
2596 2204
983 855
1041 128
477 360
2112 1307
1202 2527
934 926
1259 599
2914 2915
1498 515
1162 421
1032 1018
1992 91
1568 2767
1910 3129
245 3204
931 691
1443 2013
1041 794
1572 3049
2245 1620
2738 2737
2587 2050
887 2782
1393 1721
309 1680
2422 1130
2488 1965
783 3076
2976 717
1961 595
1625 1019
495 1262
259 2978
1115 486
1853 1064
2670 2473
709 936
2497 1004
1981 3020
2743 2744
3293 352
1091 2861
1002 142
3025 2959
1557 2322
752 1204
468 1473
1183 1366
1249 2280
43 1759
2173 1390
58 2009
3128 603
1970 2909
2632 627
1687 78
1989 1587
2269 95
624 569
2624 2623
2866 2984
2492 2733
876 3025
504 2292
2041 2462
1422 2023
2283 1865
622 16
215 582
1156 1738
158 2919
1112 1647
837 487
1738 672
2414 2704
1087 2189
2711 394
1043 822
153 2925
2329 716
998 1515
453 1422
2443 677
1546 772
2450 2259
643 1741
2586 1698
2112 1033
1605 850
969 556
2277 2655
624 1335
2731 1847
2414 81
2306 1186
1032 3241
1034 137
1567 1708
2703 218
2633 1665
1955 3097
1422 2398
985 2443
273 768
1478 469
624 777
3278 185
1590 1943
468 930
912 2925
2406 1299
411 1410
3153 1426
2246 1194
711 2727
1153 2968
1422 16
307 2676
2460 3142
2436 2092
1677 1143
528 1422
2050 2587
450 882
1610 3022
132 96
98 936
968 2166
2778 973
1410 579
2151 2717
2967 2968
506 1944
1163 282
95 822
1696 3114
1877 1609
281 646
3177 3176
428 2625
1589 2453
1057 299
2224 994
921 3017
1772 2067
2153 2345
923 3099
1324 1449
1918 875
2259 2450
341 1869
2362 1517
541 3050
1173 867
652 2214
1943 2418
53 61
1349 1749
770 1591
2789 552
1718 438
13 1167
1711 1702
98 386
2597 2415
338 2642
2830 1205
1972 3245
1606 2691
1165 2462
1194 2246
1430 1973
1992 1687
543 2561
1667 3286
2187 1838
2848 1953
2680 1308
1922 557
3046 476
618 2380
147 2625
3191 596
947 1716
2554 2209
2655 2422
577 1027
1932 83
3014 1112
587 582
2339 1917
2943 2072
901 1436
920 2547
3150 1880
1603 1319
468 2196
1026 664
1052 485
1112 2927
1471 2954
2351 1916
965 3013
1104 2871
2234 965
498 2652
1302 1271
3309 41
1731 43
2440 1620
1356 1762
1625 1965
958 2543
2913 2292
2574 648
1536 319
1078 2848
2377 1831
1734 61
1948 2350
362 2340
3101 667
1039 1170
2824 1422
3193 3197
2351 999
2013 1443
1793 375
2868 607
1366 876
2565 414
1004 2497
1318 624
1422 1724
2145 903
1966 530
2434 2654
247 2848
1290 2782
2653 3291
1551 1464
2610 2612
304 1620
1823 1379
1726 2790
217 1603
670 1472
3249 3007
2104 3276
1425 919
1018 1032
906 2568
2915 2914
509 1570
2579 2551
721 1967
908 2708
1758 464
1422 1663
1364 2184
2528 1349
582 1170
1933 1365
110 472
2338 2340
847 1517
3044 1554
1809 227
1214 493
1525 582
549 2361
2174 709
2470 2469
1213 2325
1938 1627
2603 1441
620 2439
1665 1591
2504 1069
749 1195
3037 3038
930 396
2835 3076
2921 332
2923 1215
2189 3017
2861 1471
3046 1256
141 1036
1527 81
226 2713
2458 1782
2302 1915
1769 1308
59 1214
2497 1107
2945 1870
2785 1422
472 1704
1767 1491
1422 2064
121 1911
2909 1985
697 323
754 2923
3029 80
819 547
1002 1200
3268 1548
270 207
2424 1990
3127 3126
1449 1147
2372 1030
41 606
1782 2458
2730 567
2650 361
1146 1896
411 228
2188 1456
2637 1567
2308 2698
1030 1971
877 2375
2239 2632
2811 1837
3091 3090
740 58
30 1422
1173 1720
1155 1672
3046 294
2438 1203
1023 2709
224 1622
653 582
1589 3272
1531 579
585 307
709 1987
1791 2819
1750 581
1012 1214
2732 508
2205 847
744 153
2713 2005
1176 1821
3046 3017
2063 1484
2329 2614
561 1366
453 807
2463 1049
1016 1866
541 472
357 1948
1943 1590
2793 94
3166 3165
373 2416
1019 435
189 2434
630 1757
428 2404
527 1422
2706 438
378 3272
2061 366
2715 1480
1683 2449
3204 225
994 2224
2067 2499
3151 1341
869 696
1764 533
2116 1422
1815 2885
1663 1422
1943 622
8 178
2784 1214
1878 2936
1795 859
2311 981
1541 3100
1625 1453
3094 3095
303 1480
2925 1427
1554 943
1819 109
2405 147
938 3251
828 1255
2925 2820
1596 283
2422 2655
2360 2362
95 2269
51 1034
2861 2455
279 1928
755 2663
1180 2580
3058 3057
257 720
1353 2900
1362 468
717 1896
2028 429
1145 558
2506 677
172 2320
2839 887
83 1932
1446 1574
779 132
1225 1932
1473 468
2418 1605
2515 2911
2196 2119
1943 1605
924 2845
1714 1653
2110 144
2314 2739
1009 1853
2517 2516
1321 767
966 725
1143 648
1034 220
448 1090
2602 1102
3215 1239
1379 1823
2631 421
2434 189
519 173
980 2098
2357 1887
2416 962
1083 714
1253 2455
74 2365
2209 863
169 247
1640 2183
2336 1497
2264 1725
2375 781
1605 2925
2974 2094
1447 28
453 1214
1526 1100
2815 300
2829 2282
565 1330
2026 3279
1309 1072
808 2066
2673 83
3203 1066
1879 2205
1724 1617
237 1731
1214 887
993 2925
1954 1820
1372 1841
2945 782
2230 1731
591 2414
864 904
2296 2646
2425 3011
2686 2065
1858 2543
158 1097
901 3037
2398 1214
2080 2661
194 1522
2369 2371
1918 2650
1072 900
386 98
1200 819
2332 1704
2306 3156
2641 2640
2361 2226
1906 2127
3231 2252
928 541
2694 2695
839 12
3025 1600
2186 1184
1875 2427
2718 2720
2706 1896
2782 2785
2237 3269
2954 1471
68 2411
239 3230
2869 2868
2415 1605
1995 2089
2399 2861
1116 610
2819 1033
29 1422
3181 3180
3078 1153
1203 2438
1620 2721
113 12
2133 160
254 2619
3226 1519
2414 1152
3017 455
1840 2349
1652 2733
1179 1707
277 3238
372 3193
3001 1507
81 2976
1097 150
923 2218
1625 2621
2843 200
1518 574
2868 2869
1411 2067
2861 2399
218 2703
2058 2727
468 2718
2703 997
3276 2104
2688 2689
2345 2153
152 1429
2299 2032
751 1447
3099 582
219 3093
566 2212
1363 2512
582 790
2782 137
2501 747
382 696
1219 1422
1930 384
2347 1992
2182 693
620 2413
214 2773
2552 1119
3095 3094
1251 2483
468 968
2855 101
2452 1385
2938 524
12 2487
1748 102
1932 2447
935 131
1211 1585
87 2215
807 2564
1335 2578
2964 1965
559 1097
664 1203
3317 2911
2300 376
1259 267
3204 1827
1251 1965
2573 2575
1088 2953
587 2840
3242 1581
1294 668
2585 755
2429 414
2434 2323
610 2911
1822 784
389 2111
142 1002
2435 2564
1348 2276
2461 2458
2835 212
2312 1967
2860 2230
1533 113
2555 2604
2788 2787
3234 269
670 924
2956 1457
1422 29
2357 1867
2456 2457
2420 1903
1279 2627
1956 1965
1422 2828
588 1255
1958 529
2464 642
150 2474
1996 2880
2171 1957
1125 2884
1422 1071
1797 637
1170 2531
1012 27
469 1101
3223 778
3144 66
150 1357
2022 3071
2039 1462
2622 2782
339 472
2363 1755
1808 3011
2393 2392
2625 428
802 1573
695 2791
307 1943
2782 937
1251 468
242 2032
2278 3046
691 2481
2944 1244
3036 3203
88 3156
1001 1577
2966 2705
1658 1422
1840 2348
337 1650
2564 2435
549 434
3217 582
2925 1567
982 1736
1167 1901
314 912
2970 257
1822 2180
2418 962
427 2477
114 1686
450 2295
1097 1
266 3298
451 1630
2530 1861
1335 624
3003 3005
1480 303
2880 1580
126 204
242 2299
2792 695
3288 2497
1818 1992
828 588
228 2815
1429 144
416 2645
59 968
1741 643
1631 133
912 314
1033 178
330 3206
2492 78
2011 2076
921 1280
2334 2538
1663 2396
2521 15
1212 1473
2578 1335
755 616
2649 1214
492 1034
2320 172
2632 2239
1689 1258
1893 639
327 1382
1718 2703
1943 1054
2597 616
895 2782
1884 1428
2942 240
160 2716
1992 2819
767 3254
1449 2606
2247 1644
1716 947
3018 923
850 2024
2648 1097
2089 79
1205 1212
3306 1733
2899 634
185 3278
695 216
2312 2401
1328 3162
2883 186
3144 955
2773 2928
2702 1896
1422 2444
1247 476
2372 2233
22 2140
1286 2366
2579 690
1759 1429
923 83
1649 1805
483 2020
109 1454
2320 709
2349 1840
743 2140
2608 1027
807 1214
3241 738
487 1140
1842 83
629 1460
2554 1676
2 3285
1157 1943
73 832
534 2287
267 1259
2867 422
1131 1875
2049 574
3071 1746
3253 1045
2597 340
924 865
2599 2596
808 2562
2655 263
2782 895
3276 2169
927 2899
891 1108
2422 2427
744 2519
1989 1429
476 3046
1909 823
2633 847
3280 1194
2703 208
548 2063
2321 1557
186 2507
2899 1094
31 1625
1493 2712
805 413
2160 792
231 875
1737 1677
3319 3320
3072 918
2316 80
1329 132
1666 1399
1031 2329
2101 2229
1708 622
874 134
474 3056
2196 2217
641 2595
1733 1610
1622 150
712 1177
2774 968
3017 2189
1230 307
2264 2942
2311 2880
1699 904
2646 1615
476 419
2702 2703
2063 548
3299 515
455 1656
2421 1587
1097 221
2362 2360
2226 968
2222 254
1007 1208
3274 541
2255 3221
3050 3049
615 2673
2462 1585
1391 801
2966 2706
1937 2069
2178 861
1401 1411
1251 398
2318 893
2484 565
1103 1116
1310 3125
250 2083
2782 2115
3107 3106
121 3137
86 1857
1117 931
3133 118
466 3138
160 2133
2904 2905
2113 1835
630 2319
1449 1324
1875 113
925 995
3142 2460
1939 1102
2780 1075
533 2691
2181 2828
2537 1255
2132 2631
2759 1956
2891 445
2299 468
654 2515
1721 2473
2417 691
2245 1522
616 2596
2063 796
2874 1346
2632 2649
1214 968
154 1668
716 1125
2217 2196
1264 2174
1986 2594
2218 923
3037 1428
229 492
2927 2926
2633 1759
2197 2084
784 1715
1607 2475
2345 2346
2519 2217
2497 3288
1049 2463
84 653
2299 1582
2863 929
557 12
2659 109
362 2339
75 1697
254 2733
1722 2970
569 624
434 549
404 2966
1622 12
1676 713
1366 2088
2955 2445
476 462
2905 3175
1989 2426
1823 3045
132 3134
1837 2811
356 230
1831 2264
2638 2641
2933 1097
926 934
2089 2217
259 1637
1198 1724
1600 3025
3087 204
339 2789
2351 1867
1230 229
2332 1551
770 2633
2110 1130
2027 24
1670 10
1912 2080
2497 860
268 1942
361 1918
465 2345
2604 713
672 3133
1852 2018
2547 920
61 1734
2450 2447
2076 2011
2166 314
3106 410
233 2079
1670 1665
1219 2667
2666 1904
2510 1078
3164 2363
1864 2509
1496 883
2315 28
895 1012
3023 568
682 1471
2622 2230
3291 2653
2158 1026
2225 578
586 2556
582 676
291 873
1617 2927
2787 2788
2870 2868
775 1422
755 2254
1364 2240
2886 1625
1921 2316
2632 1625
2402 520
1259 551
2032 2299
650 2505
1251 1131
1746 1981
1031 1125
915 2301
887 1214
229 27
2224 2675
887 2282
1085 3244
3115 3116
1570 486
616 16
964 521
2361 434
3295 475
2339 1049
273 2217
229 2023
930 2633
2863 2864
227 843
599 1259
2156 1457
2554 471
968 1214
374 2368
2718 2519
2603 2669
899 2123
151 1736
3210 3193
3311 717
486 1115
1586 1231
904 2369
2755 1159
2478 1871
1034 1012
2784 2782
2154 3215
1822 3194
1836 865
170 1755
2205 1875
3307 1969
663 2385
2795 1730
1940 715
1001 1119
877 2442
286 1835
2089 1995
1653 1714
1701 582
722 1334
175 2941
547 819
2163 2547
1008 1668
3046 1891
965 2829
2271 3268
2767 2485
307 585
1341 3151
1822 3271
2738 1409
2495 649
2226 2361
3249 500
3221 567
934 2133
2455 49
3232 2252
835 2828
624 2134
1130 2057
314 373
1076 1589
24 1227
2035 1829
2352 869
677 150
283 3252
2132 2899
1334 156
2360 1580
495 1422
2305 797
3134 3133
856 2739
2524 3249
2480 2481
1480 1112
1900 3111
1710 2215
2424 1093
1759 2621
468 2622
2179 405
2782 2622
1044 1395
1003 1801
2341 2308
453 941
3274 472
2529 971
2497 3296
2509 1864
1252 3118
1695 3090
114 2074
730 2986
421 1135
1214 2475
931 2597
1399 2224
56 1027
2809 514
3108 3109
2421 122
2464 3120
2631 2899
840 2477
1217 247
460 3030
778 2252
337 120
636 3258
604 692
2649 2444
1555 2469
2962 320
482 3156
715 2264
1990 2161
728 54
154 1131
3312 1981
966 150
2890 2889
183 2946
902 1201
2812 441
2282 2829
1821 1625
2168 1767
3277 90
2703 2966
1570 509
2452 1683
1241 1141
1327 2164
278 2015
1170 2819
2204 2596
42 2655
1399 1429
2475 1617
1707 1179
173 519
3193 168
2123 899
1608 2192
1894 2711
86 1488
3045 1042
2665 755
582 379
647 582
1590 1422
1097 1429
2353 1155
2295 450
886 2768
2479 781
1956 1879
2510 2509
2650 2649
2780 2779
889 2799
2174 466
517 2647
2311 2183
1422 1607
265 1536
2080 135
3156 482
3062 1563
387 2808
1399 1350
2745 541
33 3193
1422 2475
1411 2368
2899 2902
3274 1768
670 573
2031 1858
3047 1303
1861 2530
1019 2073
447 3286
3076 212
2297 98
2233 458
2443 2506
797 2305
302 962
1284 1312
965 2166
3138 2586
1828 2406
1536 265
242 796
2857 222
1553 1237
2527 2633
1887 576
1855 1123
506 1583
3152 1983
2781 2027
2375 2372
1620 1771
3187 3045
1964 1768
3294 1410
1585 483
535 641
3249 254
214 2928
43 2633
1450 1505
1570 2356
709 1471
1064 2633
975 1295
1600 2848
569 3153
559 1013
1092 3185
2021 835
256 235
2618 2617
936 241
3247 1846
1200 1002
1949 3208
2387 1583
292 1843
702 2928
2941 175
794 1357
1577 1882
1439 428
9 1007
2375 1379
1220 2670
3016 945
582 215
2133 934
59 962
2189 2066
1087 2054
2971 2142
156 942
1623 1627
1066 225
3170 1523
1239 2210
2519 744
332 2259
3146 519
79 2089
1013 2166
1275 2444
34 75
740 742
492 229
2405 2638
1083 1709
113 150
968 468
959 1949
1644 1422
2425 1093
3304 734
2434 353
1351 1644
2811 1447
2767 1568
3119 1252
871 390
2189 92
2445 2957
875 1625
1644 2404
1366 106
2597 16
98 2297
2418 1943
933 1977
1391 2756
1989 1666
2348 3040
582 587
482 3272
2488 138
3147 1924
156 3084
2082 1038
672 1738
1287 2940
2634 222
2122 115
1686 114
2857 1392
705 525
1974 3313
3018 2646
2222 1822
1229 3098
537 650
2086 1159
2551 2550
1981 1260
819 1247
1912 28
1571 3117
2207 2532
161 2003
706 2927
458 2233
2619 266
3035 1858
1167 1105
2840 541
3308 1451
3197 33
667 488
1620 3026
40 2625
1860 179
1373 1948
1101 469
2806 2807
1523 3170
1896 438
755 2666
3039 638
1523 3172
1971 2373
2050 3304
1297 2393
2339 736
2815 228
3118 1252
906 1903
241 2174
744 2466
323 697
1231 1586
3 1431
1673 3112
2675 994
3301 3302
297 248
1246 922
2701 290
778 18
2439 2174
2447 2220
582 3017
343 1773
118 32
1232 2926
2891 1115
1214 453
1567 2182
2089 468
2228 38
1655 216
1879 1333
3071 371
1517 1580
1410 582
2088 247
1214 941
2113 2063
3108 1191
3055 474
1313 3246
2820 1422
2604 2555
2357 2358
326 984
1092 1579
1214 2824
622 314
565 2484
2404 715
119 96
1585 1874
946 1584
1 1097
1190 719
1422 137
208 2703
1505 829
1420 757
1495 1929
1567 314
2226 1232
2779 2780
1725 2264
2529 1263
234 582
962 302
1827 3204
2906 946
2353 1030
2597 2417
3021 1189
1214 1724
500 1809
2192 1608
1782 441
1135 2683
1718 404
2619 188
1863 942
494 2025
1682 727
434 2362
1808 410
1562 1324
2572 1201
936 98
2925 1034
558 1145
2066 582
3314 998
924 670
1644 2782
1903 1822
2534 2380
916 60
3262 788
1943 968
968 2097
1845 2746
1768 104
1682 695
428 2626
2353 1672
2526 1798
81 1145
2301 915
2288 2541
241 1414
2361 2443
704 2722
3200 687
2651 2281
1843 1251
540 2911
2972 1458
1208 2877
3193 33
3070 161
997 2703
2024 850
1986 1879
1322 96
2122 2399
98 2174
1143 3174
825 250
297 513
812 1437
2136 914
2735 161
2244 1422
637 808
1987 709
3009 203
1971 2062
27 229
190 325
2309 791
212 2836
3038 3037
1012 1034
1 486
2366 2790
262 1597
1235 1677
27 2023
365 630
1683 2452
2254 453
1339 2758
213 528
308 2930
2921 745
2512 1363
3243 2056
2936 310
605 859
1943 314
1965 2964
2582 1862
2243 1402
466 2174
471 2554
741 225
1740 661
1603 217
352 3293
2222 1890
3138 1412
2897 2896
250 825
1620 194
2353 1379
2623 2624
1583 2584
721 2683
1422 1582
2984 2994
2361 2360
2982 952
404 1718
2159 2894
3046 2495
2354 2353
934 160
968 2564
1836 1116
2046 984
2782 1034
113 1533
1069 2503
755 2650
1724 1958
886 2277
194 3052
602 1858
1946 2899
303 2254
1773 343
2237 1319
1291 1276
282 1163
2744 2743
1366 1180
2349 2348
2899 550
3185 1092
1414 241
1457 2156
241 936
2059 142
12 794
2986 2985
76 2530
2259 545
1943 1013
1326 2335
2214 452
2713 3232
1556 1144
2774 2829
2313 878
402 1414
1779 73
3143 2004
76 1132
2968 2967
3093 303
2092 3222
2372 2375
2219 2339
1610 1744
2745 703
407 1364
549 1422
2189 637
1838 2187
2067 254
1875 1989
2218 638
2084 2197
886 2769
879 582
22 726
2812 1354
2554 2555
1078 1259
1071 1422
38 2388
835 1422
2920 860
2685 2686
903 2145
3080 1583
557 1883
2492 3249
1251 1112
27 1943
2489 2487
110 1551
2771 1585
2202 843
1774 1711
98 2510
755 2488
2646 2296
1004 130
2256 665
2624 483
1447 595
2166 616
2475 1034
2601 1461
1410 411
2919 1097
3047 440
3046 83
1419 2339
2204 1567
1214 1230
2444 2443
228 411
2790 2367
444 2655
1002 2085
993 2829
1232 2226
1382 3038
247 2063
2435 3074
2369 1699
2165 2561
188 2619
1335 865
2823 1943
198 2001
2386 2385
1431 3
2726 2727
492 1012
1345 1892
1772 2222
1093 2425
582 2134
999 2351
3294 2153
1214 2860
3238 277
881 2364
2687 177
2543 1858
1422 965
482 1076
3193 746
137 755
176 2679
1190 303
974 1891
1687 1992
2465 2051
20 3080
2166 2418
2333 2334
3111 1900
1770 1319
1136 2196
2802 2801
134 874
131 3324
1113 3211
3173 3172
265 2220
2384 583
2427 1666
1647 773
3286 2366
1583 506
2727 711
1996 435
410 3106
717 2976
3215 1052
736 2339
1683 2448
2782 453
1070 894
1407 195
3255 2660
2353 1448
1304 852
2169 191
110 541
665 2256
147 1439
100 1026
2626 1439
931 59
2548 2140
1585 293
1506 623
151 2217
1530 667
266 1156
1568 2766
998 3314
434 1655
2196 2063
3305 1733
883 1496
396 2887
2033 1490
557 150
2516 1730
1355 2866
2729 222
1870 2945
83 1225
1970 2836
41 3309
2863 2657
95 928
1085 3139
2646 3017
1411 1401
304 637
779 932
734 487
2399 350
1625 1821
424 3163
1199 1993
2140 2548
600 2105
2110 1587
1422 2396
2453 3156
2130 103
1971 577
43 1238
1324 2816
1768 2745
682 2228
1275 1015
877 2353
574 1109
791 2309
83 923
1032 2514
1939 2447
124 1811
218 1718
3242 268
2736 1440
49 2994
3273 2411
1655 2000
904 1699
487 57
80 3029
2596 1117
2427 1398
1821 1795
2226 962
2732 2067
2356 2355
795 2679
429 2154
1636 1876
2732 254
2828 1190
2558 3193
562 1735
1829 1043
1024 572
2787 524
1712 701
2340 2338
27 755
3232 2731
2650 755
2739 401
2733 2067
1981 1746
176 2750
1476 2655
3114 1696
917 2176
2769 886
2444 1275
1540 2363
10 2622
2435 2488
2955 1185
184 1825
273 416
862 400
1504 1365
1422 2230
3036 741
1928 688
2106 2083
1366 561
742 740
2062 1971
2527 1758
1580 2506
1625 1097
1167 1894
1625 968
57 2570
1422 495
651 648
32 3009
1313 2709
637 1797
1647 1112
772 1546
1756 423
1290 1214
2475 2925
2397 2396
590 2185
3285 2
1531 300
2829 1071
2963 812
2739 2740
3220 1687
560 2191
2679 2750
12 557
1853 468
2442 877
1684 430
1710 2112
865 1999
1967 2672
1069 2504
624 3153
3284 2673
1152 1035
1433 3064
2228 170
1767 1189
1659 1120
1822 1772
373 912
208 1534
2646 3018
253 843
1286 1543
1275 2506
553 114
2443 985
3224 2041
1130 144
2396 1122
1330 2371
1365 1504
1644 453
2370 2369
2453 1589
701 1712
1256 771
2390 1747
1448 2738
603 2799
1620 1817
237 585
1319 1770
1471 709
2282 1012
1755 170
3071 2339
2182 1567
136 1702
974 670
1576 2174
887 2404
2805 2804
1708 2418
3072 3080
1664 3092
1395 2984
2391 234
2475 2782
1614 1975
2023 1012
2828 2842
2569 3250
1343 1422
1725 2868
2200 1821
164 2409
2583 2866
582 1410
1871 13
1068 2899
2495 3046
2900 1353
1698 1419
2591 821
1583 3080
2218 194
1000 3120
911 3060
2134 582
1429 2421
2861 1414
3156 2453
1207 418
609 684
2633 968
1745 37
3286 447
399 957
1376 775
2447 1932
2621 1131
3298 266
785 1397
2821 2125
2020 1585
2934 2935
2345 1729
2316 28
1152 2703
2485 214
75 1300
1087 1620
1461 1302
1395 1044
1015 99
649 2911
19 1451
670 2578
2473 1721
3174 1143
564 3048
28 2059
541 928
393 566
2080 2346
2899 2132
153 755
2852 2851
3252 1596
2628 1279
269 3234
1109 1518
2486 567
1625 1070
873 2693
2808 387
2732 2733
1117 912
16 314
2745 1768
2782 2585
1758 416
1901 1167
155 2643
3146 3147
1620 1326
931 616
2619 227
243 931
916 793
2703 2706
1276 1291
2672 1220
1491 666
749 1259
118 90
205 2296
3110 3108
2230 2622
1253 1915
468 1853
1204 301
2109 2906
2299 242
73 497
1197 1896
431 1268
726 2747
850 2596
1963 842
755 2664
1601 2700
1683 2451
371 1981
1135 927
2834 507
1253 1328
2323 1802
31 1131
492 2632
616 373
525 648
2292 950
1858 2031
677 985
2220 1683
2564 2097
2224 1777
976 105
558 2414
336 2581
2925 1117
3132 3193
1491 2060
540 911
624 2292
3176 3177
492 755
549 1821
19 3308
1605 622
2821 1422
3183 210
2597 2416
627 755
2885 1815
920 526
2023 895
1896 1197
1214 2826
2260 662
2848 2581
377 715
541 2745
2894 3144
3289 344
1062 66
1924 3147
1422 835
1971 2354
1282 1144
429 2028
1416 1380
1836 624
421 2275
1802 2174
1422 2664
2343 1123
2339 362
1039 584
3020 1981
1030 2372
650 1655
3032 1524
1582 2032
1759 31
962 1422
1021 2589
1617 2211
946 535
1179 667
3011 2425
3024 2635
98 2511
1919 2259
1340 1080
2651 302
2338 2339
2438 664
66 3144
541 110
2848 561
915 624
1747 2121
2782 941
2462 3224
3316 1181
1875 2428
2596 2598
1379 877
2855 1340
1184 2186
667 166
1975 1614
667 1707
609 2866
1366 1183
1296 280
2401 1445
10 1670
1621 856
1290 1230
895 2021
1560 1705
2237 2867
248 297
2513 1129
2006 987
1702 1774
1022 956
1130 2422
1116 1103
218 2433
2902 2899
1302 1022
2559 2114
3253 3252
2866 1395
1123 1733
1591 1665
298 79
497 1779
1629 2473
796 968
1843 1583
682 881
104 1768
1441 2669
1806 2865
639 1893
2268 909
768 273
1591 1130
1357 794
1220 2868
1278 331
2936 2937
3114 1760
2726 1170
70 808
2848 1078
3107 190
2511 98
2672 1967
2388 38
1301 965
756 2385
220 1214
2231 1784
1093 2161
2253 1724
3046 2911
1054 1943
2405 428
131 935
1739 1274
3046 540
1981 2340
3066 1021
229 1230
2130 2478
1557 3227
2515 654
2995 391
2449 1683
1033 2112
3009 32
2151 493
1395 2861
2727 2058
1414 2861
2939 690
2984 1264
2714 1161
211 1896
411 317
634 2899
1457 2955
58 742
2825 1262
1210 1531
2363 2228
2155 3188
2494 2861
2402 2380
3080 2227
854 2620
3308 2824
1423 371
1903 2420
2672 2670
602 139
904 2371
1934 2265
1517 2362
3235 269
272 2765
729 2977
1297 275
1947 753
1157 1422
877 2467
3030 835
1277 2725
2783 1422
1271 1302
2790 2366
1971 1672
90 118
2009 284
135 2080
1257 2797
2001 198
582 1701
1211 2780
2727 1111
2433 208
1201 902
977 2699
1809 500
1851 3125
43 1096
3326 33
94 1192
1678 2316
1574 1348
51 453
842 1963
3077 2075
2155 380
2299 450
195 1823
491 881
2588 713
2507 2520
3304 2050
1915 2302
625 511
2179 582
2141 2854
286 2674
876 1366
3206 2065
2196 2507
622 2637
1094 2899
1768 3274
962 2418
2226 1943
2314 471
2705 208
1521 854
12 677
2516 1889
2447 582
1840 523
157 2507
2997 2996
1943 2823
194 2218
1033 989
1979 2800
138 680
125 831
503 1529
1843 292
999 1754
875 1918
1625 1609
585 1422
1760 3114
1596 3252
2696 2697
2174 2509
1403 1978
2598 2507
2321 2320
1419 114
2826 59
1461 2601
965 1157
972 1736
3117 1571
2407 2352
404 208
2097 2829
482 3276
308 3221
1825 1275
879 17
1011 1944
591 558
924 2578
738 3241
885 2434
1853 347
2762 1006
2880 2361
3296 860
755 2667
494 637
2514 1018
177 2687
203 1094
1868 1186
2057 1130
2424 2161
661 351
310 2937
205 783
2633 347
1290 895
2025 494
1387 582
54 728
1471 3128
3193 3194
2585 2828
156 1677
1962 1371
98 1406
426 2129
105 976
670 2844
1747 2390
1141 1241
746 3028
1241 1907
2765 2764
2280 1249
2750 2679
2625 2650
2719 413
2837 783
2622 468
2092 2722
361 2650
541 3048
33 3326
412 2440
807 453
2208 3128
2826 1422
958 3035
2968 1153
989 383
1155 1379
1637 259
2487 150
1761 2565
2638 2264
1515 2050
57 487
625 2376
2490 373
2672 2473
2949 2090
379 2189
339 96
1405 961
2093 1888
2259 2278
1359 2174
108 1833
2732 1543
953 2736
1992 455
2350 357
2009 58
1299 2406
3203 3204
886 2182
2406 857
2401 1877
2900 194
3266 2196
1411 2367
807 1422
1469 920
3281 3256
695 1682
2262 182
36 763
2454 890
1302 2601
1626 1897
1571 3118
2097 2435
2492 669
3063 831
3104 1604
574 2049
1143 1048
51 2828
1807 1086
159 465
1603 2867
1650 337
2189 106
1236 696
3064 1433
3026 790
1253 311
2909 167
1421 992
1222 1864
1875 2399
1260 1981
2901 2899
1358 2919
286 2401
2507 450
1935 640
1164 2344
316 777
1466 286
1625 1429
1770 2867
2062 3160
2906 2109
431 869
2076 189
1145 2152
968 1567
3090 1695
1704 2269
2435 1666
2747 726
522 1830
1944 2534
2819 1791
2027 2781
887 2839
1896 2705
596 3191
2595 1080
2206 590
1012 492
2436 179
348 399
2475 220
2506 1275
3125 1851
1317 1228
2321 620
2622 1251
3230 239
1422 2649
1730 2795
1484 1920
1578 28
3295 2262
2703 1718
1585 813
1027 56
683 2558
3010 1162
2590 935
1736 242
2420 1542
2929 305
83 1077
332 2921
334 1692
2404 492
777 2845
1343 2782
1275 677
2660 917
410 1808
431 2352
1484 905
2782 1219
160 934
1723 747
1708 912
804 1776
165 1994
2073 1019
1067 3021
2588 1676
893 2318
2412 552
497 73
2473 2868
468 680
3183 1766
2095 2335
1214 1054
526 920
2830 1422
1011 2330
2638 1439
557 725
1107 2497
318 717
494 1620
59 1290
111 251
228 3012
485 2752
26 222
1923 2183
1961 755
2396 2397
2698 2308
705 2577
2458 988
2646 649
1867 2358
2399 1070
2772 2773
307 1290
1720 1173
993 2427
3174 597
1081 896
2309 2334
1447 2560
2694 1456
1706 2270
3099 649
2612 1335
3009 70
2066 2189
2041 1165
468 2089
860 1004
1214 2784
453 2475
2185 361
2861 2494
1073 21
2051 2465
2141 292
2527 1853
1251 1422
917 2660
1505 2411
446 2388
1271 1461
591 2704
1114 948
2033 2474
2687 2442
1335 2612
1043 1829
1811 1799
677 2199
1879 1956
1980 2655
807 2667
2037 3090
1460 737
428 1439
2068 148
147 2626
302 2651
1424 709
1422 1034
568 3023
2720 2718
689 3221
3048 541
2148 1011
787 1413
2249 1239
1702 136
2573 525
622 616
2097 968
2578 2212
2432 1547
2680 1131
109 2659
2756 1391
2984 2866
2395 2460
439 3128
2418 16
2514 1032
450 1561
101 2855
2583 170
1585 2462
295 3061
2444 1214
2460 1844
1617 1034
2574 2573
1410 1531
1943 1343
788 3262
83 1383
1265 1239
13 1894
2494 3128
1822 1363
2730 1435
1078 98
1178 157
567 2400
1923 1640
3052 1384
2751 1889
333 232
2957 2955
390 1916
1813 1472
1422 2234
2481 2597
3193 1728
542 1020
1794 914
1853 138
2196 468
404 1534
2482 1245
1204 752
2537 588
241 603
2882 2435
772 206
715 1725
709 2320
2522 2523
675 2875
2324 2506
528 962
1990 1093
1617 2926
1656 455
1943 2416
1422 586
2722 2092
3132 2686
2442 1155
2193 2742
1587 1625
101 1325
2959 3025
1732 2033
1544 2895
3057 3058
1112 2475
1380 742
3290 2214
151 930
675 1864
1651 734
1 2933
1836 1683
753 1947
253 1992
3100 1541
3141 1127
1487 2138
1126 3033
1004 2920
2828 1422
3302 3301
2508 196
2872 2873
2786 1214
2931 2952
179 2436
1709 331
2654 1120
2121 1351
2622 1422
1022 1461
1351 2121
144 1429
1822 1903
2475 1422
1354 2812
2828 454
81 558
2704 1896
2898 1435
455 1992
13 1871
1044 2434
714 1083
1899 2798
370 2499
572 193
2638 2640
953 2298
2196 450
3228 1115
997 1035
2705 1718
517 502
2911 3317
3205 2029
1349 3129
2180 3107
25 2057
1834 1422
1600 1180
2343 942
2985 730
492 2181
2847 1800
405 2179
468 1362
1868 3068
2752 485
2643 247
3126 3127
292 2854
1096 43
2584 1583
2362 434
1052 1239
263 737
968 2226
2316 1678
433 2829
16 2417
2740 2739
1214 2444
2367 3152
1437 2259
1895 2383
2814 2815
2822 1071
1847 2731
2648 1901
661 2640
1411 374
2856 1626
2596 622
2358 2652
1117 1567
1422 1013
1936 2974
3321 1750
73 1779
884 1992
237 2398
1907 2005
480 571
97 2572
1155 2353
3015 1316
492 1422
428 2405
1483 1795
2696 179
409 1529
1199 368
1810 1436
2816 1324
2275 421
2907 2038
421 1162
383 989
1013 622
1346 2861
357 2351
1949 3075
2621 1625
2622 395
607 2868
549 2782
2300 1513
2458 979
2829 965
28 135
2380 2402
1620 541
1548 2271
2350 1948
2774 1731
1091 2874
829 2411
1209 1169
2564 237
857 2406
476 2203
1780 863
1159 2754
2564 627
691 2417
2815 2814
1080 2595
661 1740
83 584
2905 2904
2254 3093
1430 889
2507 2883
761 2375
2666 755
2584 535
1490 2033
3066 2589
2401 1848
1434 204
1016 769
467 4
3051 3207
2460 2458
2378 2062
227 3249
2099 757
1515 998
3193 107
2775 2925
810 1913
1335 417
3051 1094
1422 1644
548 1877
1218 1868
2895 2159
950 2292
1477 564
727 1682
1612 2307
3102 3267
2636 1620
1379 2353
2848 247
1897 1626
2991 2664
516 2646
236 618
1876 1636
1965 1625
1517 2183
891 2087
2251 3295
572 1998
1194 1118
1981 371
311 413
2928 214
1647 2626
2275 2899
1130 1429
2893 85
106 2776
2991 2047
3172 1523
2633 43
3150 2185
1551 2269
315 1124
1595 2945
2340 362
941 1214
813 1585
1587 2421
39 1412
880 1877
541 1704
1097 1625
1875 1625
2343 1855
1896 72
1122 2991
1052 3215
54 1903
28 2315
2790 374
1567 2416
2394 2395
2341 2342
1625 2632
2925 912
2571 99
1933 1504
1272 624
1214 2782
2410 2017
3076 205
1320 2159
1191 3108
524 2787
2844 430
1255 2537
1708 16
154 450
1953 2041
2335 1326
1679 3295
955 3144
2955 2956
269 3236
1337 1059
1131 154
847 2633
96 339
2048 1896
1015 1275
329 1889
1415 1835
2786 2782
1324 2817
755 627
786 2216
618 595
366 2061
1451 19
2561 543
271 1266
2966 438
887 229
1016 102
2356 486
907 1706
2369 1264
2581 3025
455 3017
552 2789
2054 1087
2474 1642
1943 2234
371 1369
637 304
1555 1079
2746 2012
216 2615
2423 1093
755 2257
2095 1227
781 776
2613 247
1369 371
144 847
1547 2432
2966 404
1802 1044
1875 1131
1244 2944
2506 2324
136 2507
1965 2488
93 2939
1655 434
2966 208
1836 670
1822 3006
2878 2342
3046 649
2365 74
1965 450
715 377
2670 1220
132 1322
835 453
2230 1214
2727 1613
380 2155
1072 1309
1759 2622
863 1780
517 1215
3236 269
61 53
147 1350
1517 1875
2128 1071
2794 1173
1004 419
549 755
650 537
2331 2427
428 2264
931 1025
1265 247
855 983
194 1620
2323 1395
208 2433
1422 1117
1539 2653
622 2597
2553 1381
1843 398
735 238
783 2837
1038 2082
603 1471
2731 3232
2667 453
2227 3080
1625 414
3129 1910
371 2463
1468 1867
2749 260
381 2955
551 749
208 1718
1668 2399
102 2198
1214 2398
731 2310
1342 2396
395 2519
1173 2794
150 1622
2912 2113
2202 1808
2478 975
2380 2534
2473 2670
95 3274
1275 2361
934 1616
860 2920
479 3105
2957 2040
1214 2649
2946 183
798 1992
3324 131
2104 938
1399 1587
2073 347
3180 1306
288 1361
2782 2023
2096 2958
2184 1364
2282 2023
1429 1625
591 81
314 1943
1214 2786
1582 242
1244 3193
2943 2368
75 34
1006 2762
1215 2923
241 2861
404 2706
1063 1675
199 187
1693 582
1784 2231
1070 2399
1326 1620
2417 2597
1467 1097
1074 1095
1201 2572
3037 1810
2680 1625
459 2099
2911 923
1894 1493
860 2497
1597 262
2358 2357
2361 1275
2443 2444
2259 1256
578 2225
2335 2095
2204 413
1896 2704
1681 1336
229 887
1902 2703
887 453
2955 76
314 2596
887 2247
1458 2972
865 2692
415 2533
2351 2372
1012 2785
671 1960
2475 1112
881 682
1086 1807
771 2646
2023 1422
2214 3290
2519 882
1580 2183
2957 2082
801 1391
661 1096
965 1112
453 1599
234 2391
1896 1145
825 1574
418 1207
353 98
2642 2538
1896 1146
1967 2312
2488 2487
1414 402
2644 1457
1757 630
2243 1737
2366 3286
3075 1949
2597 931
102 1016
2899 203
1419 1698
1214 1034
1776 804
2848 876
2635 3024
1131 2621
1343 1427
578 2367
443 1828
2319 1751
2028 707
954 2366
624 504
2795 2794
1052 2752
3274 2269
976 2434
622 2596
1147 1449
669 2492
1446 751
1131 2681
637 1620
2340 1981
2185 2282
2633 2217
2178 3240
487 837
2023 2782
2578 670
1570 559
320 2962
1103 2911
180 2638
2940 1287
1429 1853
991 2557
127 143
1907 3125
940 877
1864 1618
1471 1091
2797 1918
2801 2802
2612 2610
1035 1152
2038 2907
2276 1348
486 1570
2140 743
2766 1568
508 1822
2467 1155
268 2622
468 982
3203 3036
1471 2494
886 2655
3148 3146
2861 1395
1055 2879
1875 1453
3199 1529
600 1001
195 1407
812 2963
886 263
2264 147
2352 1268
1472 3046
2919 1
2017 2410
1724 1214
582 3099
1644 1112
3048 564
2639 180
2339 815
2519 2196
1890 2628
16 616
191 1927
749 267
1221 2054
2385 756
3026 1545
1627 1623
2782 887
2786 453
2736 953
2994 491
906 2567
1512 759
2646 540
755 1647
2339 1746
1759 43
380 3188
2346 1785
1206 1035
1801 1003
3323 3322
585 1997
2828 2291
2348 2349
2826 1214
2379 946
76 2644
1258 1689
211 1444
3241 1129
18 778
648 2647
1973 1430
2075 3077
114 2677
2335 1235
1609 1877
1529 503
292 2141
18 582
329 2517
2457 2456
27 2282
172 2322
529 1724
533 1764
435 1996
2935 2934
1613 690
1865 2283
266 1809
2925 622
1301 2774
621 1790
2042 2303
1907 3232
170 491
2784 2230
1041 1357
2589 3066
2519 396
2652 498
307 2230
2949 3011
622 912
1058 1366
462 476
2900 2052
2646 2495
637 1921
2081 769
2782 1214
2828 51
2358 458
1343 2398
1874 293
2160 2476
1866 1016
2060 1491
2974 2975
673 2445
49 2455
2601 1271
158 1
1508 461
427 2114
994 2675
3046 1932
895 2023
2435 2882
1591 982
2829 2775
2560 1447
1534 1896
2337 762
1828 2077
1708 616
2469 1555
1399 1666
396 2519
1231 1390
2185 3149
1422 1238
961 1405
213 2097
397 194
2262 3295
3196 3193
1666 1230
2903 2899
2509 2875
724 2293
1567 2418
979 2458
2217 2633
818 1202
2202 2524
2734 1002
2507 136
953 1440
1720 659
28 1447
347 1853
1694 2486
725 966
1196 1791
2339 2314
2575 2573
2115 2967
1285 1523
886 1567
1822 2222
2464 567
894 1668
2356 1202
150 966
1822 3220
2108 1021
2919 2478
1015 2443
930 151
1422 1630
2517 329
2047 2991
1205 2830
314 2637
1192 94
2070 2736
1011 1583
2711 1167
2116 1599
101 1340
2853 1036
1666 2110
1214 585
2385 663
2031 3035
2655 886
951 3154
2614 2613
1139 2223
968 2882
1112 2626
1371 1962
1846 1381
2418 1708
2589 1719
604 2458
945 3016
755 2585
2637 1117
2510 2020
1422 1343
2063 1835
3252 1045
1134 299
2609 56
3049 541
1135 3207
1557 2321
2572 902
1596 3253
1676 2554
3145 3144
2329 2682
1010 1703
2897 1259
2628 1890
1704 541
1668 894
3212 2857
1097 1875
3004 3003
3273 1505
2827 675
922 1087
340 2597
887 1943
3172 3173
2422 705
2651 2828
1222 2434
1133 3259
1816 1005
3026 921
2405 715
2695 2694
2363 881
2613 2329
2782 1644
178 8
1381 2322
968 2234
2632 968
2714 2715
1499 3135
1135 1485
2527 347
3058 3059
392 2316
1968 230
2938 2788
2159 1320
2265 1934
614 849
2912 1484
1810 3037
67 1960
2740 2189
790 1000
1560 427
396 930
880 115
2159 2895
443 857
2005 1907
2500 2146
1875 2360
1210 2612
2363 1540
782 2945
2699 977
1647 755
1644 1214
2667 1219
1591 2622
427 840
545 1046
541 2721
2866 609
1472 1813
3041 2348
147 1647
1009 453
1435 2898
1518 1109
2400 1000
2578 624
2469 278
3188 380
500 3249
620 709
123 1992
2055 1791
3171 3172
1237 1553
1301 2775
789 3176
2546 152
114 553
1444 211
640 3214
144 2110
1422 968
2609 2608
3036 1066
2238 344
1731 2443
2455 2866
2596 850
1997 2264
755 197
1726 1411
582 879
502 517
1232 2211
808 70
1422 2829
1567 2204
247 1217
2299 151
3193 372
2703 2702
2958 2096
245 1066
2952 2950
1555 2015
695 2792
1333 2594
1625 661
783 205
1194 3280
1908 3301
32 118
629 1717
2838 29
2598 136
2488 755
1563 280
367 117
29 2838
43 1731
717 3311
1573 802
289 1943
2955 1457
54 2378
2950 582
1706 907
114 1419
1440 3034
46 3237
1097 12
2072 2943
1874 813
1319 217
1369 1981
2417 2637
1605 16
777 2560
2416 622
3310 116
154 1625
3066 3067
2217 2645
723 2219
1835 2122
2067 2733
2887 396
531 2610
1022 1302
1306 3181
307 229
696 1236
794 12
1172 884
1094 2052
136 2598
1943 302
1918 1995
373 2925
2449 2447
1792 3265
3214 640
1275 1825
1771 1778
1724 529
2309 3168
1026 2158
2161 1093
2577 681
2522 1112
967 2701
649 3099
514 2809
868 897
2541 3152
3155 1906
3232 2713
2859 887
998 2909
567 2464
847 1875
302 1943
120 1650
2121 1747
843 2551
2729 1868
2960 758
1921 637
1651 487
915 417
1112 1251
951 2656
558 2976
1779 832
1585 2771
588 828
607 1879
1751 460
3184 325
7 1833
471 1676
2128 2667
2579 949
889 2545
2782 807
400 862
1461 956
1090 448
777 624
1615 2646
1752 1616
2413 620
1180 2643
269 1782
472 2269
2867 1603
2899 2900
2110 1429
2669 1441
2721 541
1039 2531
1529 3199
2558 683
2818 2008
2651 2827
2067 2222
1034 887
1099 667
555 540
2519 2719
2683 1135
888 448
2911 3017
3038 1382
1694 1241
1505 3273
520 2402
2520 1429
3025 876
2579 253
1238 43
2520 847
2090 2949
43 136
1676 471
1891 974
686 2827
541 429
962 528
1066 3204
698 566
2227 321
2055 1571
1883 1824
2383 2316
453 1009
2098 980
359 3029
2910 540
1943 1708
1422 528
1381 1846
1379 1155
1620 637
1620 2440
336 2580
220 968
713 2554
2578 1836
2468 1588
468 1665
2347 2345
2829 962
1543 254
2536 588
1504 1933
835 2021
2445 2955
1625 2680
3084 156
71 660
2564 941
2933 1
1998 572
1992 2347
2651 1422
2014 2172
28 1678
2320 3227
491 2228
2266 865
3053 1143
807 2782
1610 1733
667 1179
186 55
3073 962
1786 570
3193 3132
209 1991
2874 864
1491 1487
229 2282
2948 690
2578 924
1562 774
208 997
2012 2746
138 1736
637 2931
2312 28
2589 998
438 1896
2551 843
1201 97
70 2335
949 2579
567 2898
1034 51
1026 100
285 1418
901 1810
1137 2544
3269 2237
2366 1286
2460 2395
1012 895
373 1708
3018 83
1534 208
1835 2113
106 155
2829 2968
1357 150
1296 733
1464 541
2408 2263
2400 1545
2344 1164
83 654
541 822
3315 645
1012 1644
2920 582
1128 414
1422 941
2690 2691
352 1728
1472 670
1779 497
1395 2323
2597 1013
150 113
1298 179
1956 2759
1100 1526
439 2011
1867 2351
2415 16
2655 2277
1035 1206
580 369
2686 3132
47 3131
50 2529
1445 2401
984 2046
2664 755
768 2964
155 106
2119 796
3324 2820
2596 314
1940 2404
1352 2412
2650 2625
2480 1261
51 2525
328 71
1102 2602
3164 2637
2380 618
811 1970
1665 1670
3254 767
2097 2925
667 1243
2458 1804
413 2720
3313 1974
853 2252
3019 3159
1545 2400
802 1854
2368 2943
1349 2528
2782 229
1528 225
2545 2799
1991 348
396 153
740 1416
1035 997
840 427
1785 2346
2478 1575
3241 1018
2249 582
3033 1126
1193 1841
944 165
336 1600
1660 405
3322 3323
1731 237
2822 1422
275 1297
881 491
1943 289
1842 2646
1551 3274
1561 2228
2440 637
2257 1422
2488 2435
1435 567
3156 708
2353 877
483 1585
402 603
2770 1585
680 468
1366 716
2633 2527
2427 1399
2551 2579
2705 404
1983 1111
198 2327
2020 2510
468 1251
48 2185
16 1422
1993 1199
3138 2174
540 1945
1170 1039
1435 1854
711 3103
1264 1044
1875 435
257 2970
637 582
2138 1487
2828 3000
2451 1683
1262 2825
1130 1666
1138 2767
532 1944
1129 3241
2166 965
530 1017
1064 2527
2665 2564
827 2421
1991 1766
886 1796
1944 1011
3236 3228
1660 582
150 2487
1992 884
1707 760
2367 2541
69 157
230 2979
1417 2645
3035 958
1737 2243
1583 1843
914 1794
767 1321
284 58
177 2442
2976 1902
1676 2588
487 1651
2292 624
1726 2368
3153 569
1156 3133
2640 661
2693 873
936 466
1169 1209
941 1422
608 2889
2446 1878
2742 2193
2708 1569
2066 637
2631 1620
3180 3181
1965 2886
582 2100
1798 2526
2510 1259
371 1746
1567 1117
1362 509
1565 670
692 604
227 1809
2705 2703
2390 2121
819 3046
148 2228
2960 2947
1131 31
2443 1015
1471 2861
453 2667
2475 1012
2019 870
843 2202
1502 2201
774 1562
1561 450
2824 1214
781 2479
1808 2202
1845 44
2776 106
1933 1850
2706 2966
875 1131
1872 2655
1584 2380
2511 2509
529 1958
1202 818
627 2564
1030 2354
2427 2331
2655 1872
1440 2124
2827 2651
619 2290
2066 2562
2183 1517
642 2464
1821 549
87 1710
3017 921
1326 928
774 2606
2791 695
3215 2993
1325 101
78 2492
1422 1219
2829 1343
2919 2404
1622 224
3 3219
119 132
1410 2345
2782 549
2831 2570
212 2835
582 2920
2964 1473
1698 2466
1877 1973
1397 785
2520 2507
2543 1063
691 2166
55 2324
468 298
268 3324
2445 673
777 333
2506 2507
1321 3229
666 1491
1111 1983
1952 1110
799 554
1630 1422
1044 2323
2052 2900
1422 585
2879 1055
3221 308
2404 147
777 2261
2784 2665
2416 1605
3239 866
2907 1378
2226 2435
1877 880
2267 574
3012 228
1831 2377
1390 2173
2128 2822
1250 732
261 288
1047 3237
2719 2519
2767 378
1484 2063
47 1098
2671 2670
1879 75
2637 314
2503 1069
2749 1119
3099 923
3096 589
2803 170
428 773
1691 777
208 2705
1535 1763
3019 803
616 2862
2716 160
887 1012
3103 711
760 1707
165 2804
217 1319
3134 132
319 2646
2208 1634
2761 2762
2431 1887
3254 3230
2228 148
2895 1544
700 2035
2018 1852
1422 807
1357 1041
2230 1422
2771 813
2209 1787
2418 1567
2772 3272
2416 912
1713 140
2854 292
878 2313
59 1422
2509 2511
1967 721
2190 2207
190 3184
2174 1987
468 2299
3274 1043
573 1478
2774 2968
1696 1760
2899 2275
716 1366
962 3073
268 3242
1848 2401
561 2580
43 887
1398 2110
1627 1938
1344 2118
293 1585
2345 1410
623 1506
2409 164
2891 486
1155 2467
2473 2472
3207 1135
1082 2532
1853 1429
154 1112
2292 504
1326 2400
2334 2333
661 1439
2676 307
1019 1625
3137 121
1692 334
2622 2830
2645 416
822 95
1422 1834
2097 2564
429 541
2506 2443
970 1949
2528 2304
3136 3135
1991 209
220 1034
2679 176
52 274
2827 1976
1905 933
2637 2166
2968 2774
769 1016
2206 2185
1894 2648
946 2906
2388 2389
113 1875
2597 691
2947 2960
2490 2418
739 2213
2919 1358
2404 2919
1894 1097
2868 590
1180 2329
1769 2767
1311 2316
90 3277
27 2782
2589 1021
1422 2826
314 2166
658 657
2868 2870
2361 2183
2263 2408
3133 119
2097 962
178 1033
2119 55
965 1943
1782 269
2037 1695
2540 463
447 1184
16 1708
877 1379
1493 13
2316 819
1655 2331
2967 2925
1953 2848
3303 1073
230 356
3256 1670
2667 755
1012 2023
3079 1153
726 22
2163 1832
912 2416
716 2329
2866 2583
2638 180
1839 568
541 2840
2185 48
1422 527
461 1508
2181 1422
1522 194
3042 1115
755 1961
3148 582
138 2196
1943 1117
2725 1277
1620 1087
2789 2149
1724 1198
2264 2638
861 496
83 3017
2224 1625
416 273
2664 2991
2181 835
1896 518
1234 1033
2649 361
413 2718
764 1424
675 2827
506 3213
648 5
