2338 2555
426 306
609 1358
398 730
126 2079
598 316
1169 2476
1013 1847
1301 1316
2305 1818
1945 1946
732 2685
756 1692
1907 673
1358 1737
2024 2156
2549 582
1455 441
1602 2073
610 2287
1778 350
2691 206
1704 1986
1317 1148
1157 963
1602 1204
1403 465
354 1803
102 1871
1623 1781
1358 1708
459 153
132 379
599 1093
785 1664
1907 897
102 1623
1583 376
159 2308
1905 210
1262 189
2248 996
1765 1744
426 1782
1874 1106
1701 869
78 1329
2255 225
1951 622
1417 2260
846 273
816 1842
482 2307
1333 1973
1568 1729
853 1762
1966 463
617 2034
1358 341
562 2450
165 2706
1763 156
758 111
1096 397
1986 2008
721 1034
2307 1742
1704 1912
306 2091
99 2604
1797 2088
429 794
716 603
1296 1910
950 93
1103 796
2366 1738
458 1122
2076 218
2376 1202
1777 2143
35 1913
580 744
958 1072
158 2034
365 2469
2106 2094
2231 2292
452 133
2446 609
1849 1013
661 1882
454 1661
760 1513
882 1358
165 1473
1398 565
1526 2425
630 973
1986 681
174 2334
666 279
180 2076
1725 1070
1040 1765
539 711
2200 2199
219 1413
2553 748
165 2707
1881 1543
1858 899
2580 1228
1901 1954
2162 1080
1089 1552
2062 701
225 2255
1166 2582
1954 1955
1025 373
1624 1779
480 598
415 1908
102 1561
904 1959
1834 449
1692 2186
1735 562
2584 876
1669 429
1382 218
1881 735
1986 1574
1237 1958
1781 1998
1416 718
2099 490
903 2031
490 2099
1423 1692
1156 55
1874 1701
2394 1399
2155 2153
1420 2394
1176 507
887 239
1523 548
1051 893
653 1231
2229 266
1278 2305
451 671
1136 2554
1319 186
891 2608
915 2597
1986 1859
349 465
1121 1131
1902 264
757 1284
1874 2500
1986 1453
199 1869
2124 2125
486 2077
1966 443
1644 415
1154 1358
1723 73
1700 1441
2039 2042
863 38
18 139
1947 310
954 1112
1810 1816
2160 2159
740 141
1810 835
1022 1963
918 2065
2135 2282
1071 1257
893 783
1947 1272
1703 1971
2241 500
1867 1846
2034 691
2498 299
428 1257
1197 1998
1688 1437
1042 2052
1351 1592
471 1013
346 1358
1734 1358
1951 2206
609 2447
38 1160
281 1347
2214 1201
1140 476
584 2464
2207 2241
1548 790
992 596
441 1455
1415 1414
469 620
2207 979
1728 2599
1784 133
1133 1500
1527 2274
440 2179
2367 2369
1163 1402
2532 460
1928 2317
403 2654
2597 915
942 1924
199 420
598 157
1187 895
99 123
719 303
1535 2155
2485 1592
1841 408
1650 1113
1430 632
1742 1427
1986 160
2182 2072
281 8
1086 2247
1385 714
930 2569
46 2366
443 1966
498 437
945 2388
109 2094
1839 979
813 339
1242 1101
1281 1358
806 403
1417 1703
606 1666
1489 1004
558 73
428 368
2455 26
981 1221
1279 731
329 2598
557 1725
608 306
208 7
1147 395
988 868
2155 280
194 2646
1684 2513
12 1001
1050 1569
88 300
2247 2509
1701 226
1949 1221
1779 1624
1623 1771
77 659
1676 1914
1336 2034
2201 2199
1177 1935
316 1297
1640 306
306 417
1810 962
2507 353
402 1940
2164 2217
687 565
1367 2080
1892 1889
1731 1717
1818 1810
1468 146
485 2219
209 2681
1740 1804
1426 480
610 826
2235 676
2344 2343
741 2093
2352 1129
1416 6
1360 2491
1701 1212
88 2178
65 619
1840 2071
600 2394
1721 1358
984 543
2672 2671
737 1974
2590 1498
186 2580
2070 2069
337 1358
1313 1311
2291 377
2229 809
807 1226
2025 2027
1655 1410
2054 1042
1779 505
2068 861
1324 2035
379 904
2316 1343
0 633
239 1220
637 1641
1508 2117
1219 994
969 1735
1878 102
1266 255
1507 989
1841 1013
1358 708
1990 1986
270 838
1728 961
90 156
994 1329
979 1503
1937 548
861 2330
1744 1765
1578 2497
1351 1535
2053 1628
1259 2342
1042 1198
650 2083
1914 1849
2112 711
316 143
1701 532
1930 1927
876 834
2321 2266
907 1351
665 2122
120 2405
326 1358
1703 1966
85 2487
1481 2332
1829 940
1351 604
257 1388
51 457
2160 1835
413 374
2049 80
2451 367
1558 879
353 1345
1984 1178
415 1850
101 281
406 350
2450 1284
1300 812
1157 2463
1416 1921
1701 1859
1527 60
52 1139
1073 2163
1157 2240
2009 553
2161 2160
2464 444
1383 403
1116 1223
963 203
2260 529
1528 1398
271 2498
1262 110
1431 976
434 1524
671 2025
1358 1719
2695 2694
1452 1015
873 261
2333 1047
2382 814
25 1301
1359 2278
832 2600
2281 1131
519 387
540 747
1944 352
1351 2282
426 1805
1646 1358
175 1914
315 423
2407 643
1428 2520
1960 1360
1822 1811
929 2627
539 2155
1435 2059
968 1603
1785 317
2091 306
732 263
2282 1655
626 1358
410 1179
146 1907
1396 1421
1395 2266
2509 2519
1660 1291
194 2564
1417 1529
1887 1103
1699 484
240 1692
2237 2236
472 2029
1685 650
27 606
581 454
2083 752
1072 244
2101 702
1847 415
201 1986
1235 1119
1358 970
1479 873
2560 1717
1026 916
2497 703
598 480
421 2213
183 182
1846 2117
131 2169
415 204
1519 2108
1986 1095
2287 610
1185 1460
743 88
1037 2654
1758 580
1778 2327
1785 109
422 545
1416 1602
2126 1111
1559 1260
415 966
559 472
739 1958
1358 1384
1762 853
2668 45
2359 2372
1801 1072
2367 1147
2430 570
228 1721
2181 95
2245 2246
1079 55
1701 416
620 469
734 95
1434 1986
980 121
1752 1754
2202 736
746 1303
1698 537
48 2471
103 484
1731 1169
1986 1995
1309 415
1742 580
1873 603
1224 1525
441 1537
2654 1037
389 1077
1519 2640
1868 316
1678 833
801 1961
2359 1433
2034 1319
124 1367
1224 1526
1417 1452
1232 624
758 1762
1002 740
1558 792
1743 2450
2359 290
1294 352
348 320
2160 1698
807 1955
1641 833
970 364
1701 1440
109 289
1623 1775
2120 665
2296 2230
880 973
1898 1713
1367 1778
1022 132
1553 1827
2026 2096
417 2034
2248 1545
985 848
1257 2679
773 1505
623 140
883 933
680 2199
2604 127
2389 1740
261 1894
123 2604
2034 1929
1947 1950
1623 660
1358 357
88 2014
2308 531
594 2195
1687 1721
181 1683
1341 2425
1267 1824
110 1262
1540 2054
116 1501
231 176
53 1358
1914 1592
2303 2541
125 2363
1483 1282
948 1395
1498 2349
2182 1515
2416 2417
1725 2334
2094 36
137 2144
473 194
2392 535
2284 1901
812 1300
162 88
1837 1768
313 2296
898 1836
1293 65
1834 372
75 2222
1602 95
257 80
1131 2155
1824 1825
1273 2125
1720 1765
385 2483
380 477
1502 2163
2493 855
2096 859
2071 1840
2648 243
1574 519
1549 119
1808 1810
1973 252
1599 2441
2687 1554
831 741
1806 962
1645 1343
2071 755
505 1304
1468 1416
957 1685
1827 1826
2630 1957
94 1966
1703 22
171 775
2251 121
654 1
671 441
1810 13
1358 1040
207 833
2350 1178
59 615
1370 1919
152 2240
1701 1867
1410 897
836 1013
1628 2056
830 661
278 1185
1245 1144
550 93
2573 1877
1391 1693
437 1985
1358 346
2692 1310
2406 2043
1462 1663
1162 245
441 440
2122 1051
1199 1214
263 732
1011 831
1016 4
1131 1909
525 142
1765 1562
719 302
2198 2182
299 2383
1317 1040
2194 214
1472 2187
1417 2350
1358 1243
2175 1761
2059 718
1801 1505
2103 1912
525 2057
2080 1367
2418 572
1160 38
1265 2291
1257 2671
1966 1971
1234 1702
173 1033
2187 172
2314 767
436 1977
492 1257
1358 1038
1428 2336
1740 1072
35 1296
125 458
1093 2367
2339 2340
1821 1810
1276 458
2440 2530
2001 2044
737 2178
310 1331
737 1269
1367 1584
1358 1753
345 833
1083 321
1723 768
838 270
406 2505
2067 1477
2472 667
1310 2692
1366 368
490 1973
1701 1334
391 1986
1346 306
748 1358
2063 327
383 733
998 1431
635 2058
2497 1578
1309 851
1358 337
627 2238
507 1941
309 2305
2359 480
1073 985
1127 553
2515 1154
1217 230
1191 2339
2501 1106
258 2645
1555 2363
525 1540
1709 1739
2303 733
97 1353
306 608
729 1159
793 2592
2139 2140
2008 733
751 736
1542 1942
2122 627
591 1423
2676 1439
1618 1789
849 1993
1168 1022
470 857
2034 1026
1516 2612
1267 645
1065 1096
1628 525
1849 56
519 1670
1343 1645
201 2430
2275 1954
2667 1020
1778 1552
392 1825
737 1630
1628 1117
1420 1421
1760 1358
2199 2201
1320 1491
265 1441
598 1870
242 2280
150 914
355 1668
816 2405
2154 1224
2395 2394
1775 306
191 2385
1844 1013
2551 269
1610 2556
2640 1519
468 1311
2215 2216
779 1592
1296 440
1413 1542
1013 69
2236 151
1624 1778
1531 443
2487 85
1242 2148
881 1199
1942 1542
1358 1724
2046 306
1226 1956
1955 1226
1083 2114
218 1348
1358 552
1131 2283
1628 1540
438 1983
828 2464
348 2248
1013 1583
1196 1624
1217 396
88 2010
1111 2125
1358 1604
1586 2168
372 1710
2115 2117
1966 1702
1881 661
2138 944
1224 1291
1688 2671
29 963
544 2347
2521 2204
2045 318
1824 360
2685 732
1903 793
1998 109
1787 2143
1971 1702
1204 1839
2466 1758
505 573
2618 2619
562 1483
1165 537
1068 984
1483 1072
20 2269
2619 2618
2555 792
1685 2083
1791 1197
1656 1367
1571 1045
565 1528
2237 1240
2630 2699
1409 1553
104 1065
306 2078
1317 796
2541 1591
1203 424
1375 2586
1273 2126
1514 1692
802 121
33 698
1279 2186
1154 223
202 1173
1054 990
996 368
1542 1334
2705 287
546 2127
689 1169
1828 1408
1661 1851
1329 733
2436 2031
906 2351
1768 1837
84 284
1306 1317
2045 1852
1730 1358
89 258
459 1623
493 391
175 41
977 1281
1903 1897
1118 1416
1802 1072
950 645
1256 595
486 435
1178 1529
459 1681
440 1913
2203 1801
505 1779
1873 935
210 1907
146 1468
2095 109
1525 1370
1045 661
1001 12
2184 70
1584 1798
1029 118
1532 39
606 27
2238 1703
857 203
2444 464
1142 973
2177 2367
490 1981
1765 1750
1701 1873
392 1619
2222 2225
2151 93
236 2045
1401 761
603 716
2256 102
38 863
1955 1179
1901 119
2000 314
1471 1358
1962 1276
505 1251
2376 1061
392 128
1072 1784
1269 1227
657 1729
210 1906
1086 2579
2563 1050
1765 825
402 1413
529 1419
211 1394
1358 1730
95 1303
1218 586
215 1986
2346 1469
2651 2476
2151 2423
441 70
2120 33
1300 877
2072 2182
172 2187
1554 2686
1742 1758
2057 525
2481 610
411 1577
1189 1136
811 900
1412 1483
2450 1412
1729 657
85 2488
1634 2393
1903 2269
704 389
567 290
1365 1703
1003 1373
100 1602
2695 431
1432 1950
633 0
342 1072
1174 815
1970 271
826 2287
1460 2358
531 2308
1817 1810
783 893
455 2486
1692 2347
98 1521
1706 558
1296 1913
1100 1701
81 527
734 964
2048 2046
777 702
423 525
192 2472
279 2165
1258 505
1776 1623
2524 2336
1149 1358
763 707
1599 2460
2326 1782
1419 529
425 2466
1882 1309
1152 2155
1171 1295
2644 1885
2189 1395
289 109
1353 661
496 711
745 1127
487 1798
1412 2450
1784 1623
1059 1600
139 660
2090 1335
1564 1786
593 1474
1535 1916
356 498
2359 1136
2444 580
1986 1999
746 2006
399 544
306 1651
337 1776
84 2224
2131 1463
1515 2182
1100 598
2078 306
1653 1585
258 1153
523 949
1229 1506
2280 838
2351 906
2301 733
591 1017
1248 603
577 230
1755 1765
1947 1945
640 395
710 51
2135 190
74 1416
62 485
895 1187
598 1297
1870 157
323 498
745 553
1848 2419
2148 509
937 2096
1167 643
126 306
121 589
683 2169
151 2335
109 1346
2465 515
292 2562
1909 239
2353 1129
1442 2462
1530 43
1624 589
415 1677
631 2358
2483 385
817 156
1762 111
2387 271
1553 1408
2595 833
2034 1497
2431 2432
405 2059
1080 697
1465 1488
661 1045
1258 644
1546 341
2514 1154
88 2011
926 1862
2443 615
1405 1894
1349 1320
859 487
363 1003
2259 2335
748 274
650 819
1154 357
1368 1911
854 857
1829 1070
1254 1229
536 1894
118 1690
2018 851
25 2317
2143 1787
732 364
2383 588
2702 186
1766 1750
1810 719
1096 1065
1701 1075
1308 1229
2475 1928
88 130
1841 734
568 1223
1871 228
2495 1641
2045 1856
1335 2090
2534 605
650 1486
511 549
196 429
2313 873
2587 1046
2446 1712
1738 466
327 928
14 2077
1712 2446
2251 1158
2658 1642
442 588
120 483
1065 2211
1287 59
178 833
258 1094
780 2341
1476 404
1750 1601
2269 1619
259 2537
2376 1143
2309 994
928 2063
833 2495
1358 1154
1470 801
466 970
2508 507
1131 2185
608 1623
1106 2501
897 1152
91 330
279 1195
350 2084
1036 2562
1737 1169
1725 1072
1986 179
1284 2450
6 373
150 1942
2206 1952
1592 1914
231 387
1394 211
1206 1257
1757 2451
1088 1089
875 1942
1198 1042
1619 2269
100 2056
1600 1059
1042 2051
1362 1351
559 1579
2182 2198
2169 131
95 1535
1944 1945
526 1742
957 1757
815 2017
1850 32
1701 143
1914 1539
1272 1947
1902 1904
1803 1072
121 980
589 980
2268 1278
2467 2468
242 279
972 2247
394 1063
1367 2143
915 1740
1358 744
1094 89
2434 963
2025 2009
2419 65
1846 1013
129 441
507 402
1903 1960
748 1103
717 1907
2034 2040
614 888
2539 2242
2217 231
1593 145
32 1850
2180 81
2388 175
1319 2034
1723 1724
2182 2133
391 68
2590 1185
439 1642
551 2388
2464 1795
374 2149
553 1127
796 1317
2271 1441
2131 2182
154 2525
306 2089
110 567
1138 82
2238 1969
2653 1920
1894 1479
2199 2200
2376 911
1358 1483
220 913
1323 1701
2059 405
803 2100
102 109
1416 1008
1005 1541
831 1011
1502 1503
441 2184
1362 1372
749 2155
1215 1203
905 389
1841 736
1472 240
1919 1224
162 1268
2357 94
748 1374
2226 84
1479 1894
1235 2126
1314 1269
2442 2530
783 1061
152 43
133 109
2014 415
854 470
1942 150
2103 2385
306 1772
2025 149
1501 1074
297 598
2376 1428
445 1434
1176 1542
877 1935
1117 1628
1072 1803
606 2361
168 167
512 756
2367 1598
733 383
133 2045
2513 1684
88 1658
1624 1785
2055 1042
156 1358
2113 1483
2438 2437
783 1143
702 993
2464 584
2181 1388
2309 1869
1284 998
819 364
2148 2146
1215 270
279 270
2671 1257
1850 1013
1765 1040
144 1593
1440 869
157 1870
2123 2001
92 1836
154 1238
454 1917
1648 1210
1023 1986
1358 173
590 1954
224 2034
1540 1628
2338 1558
2299 1795
290 687
1810 511
1870 1701
2636 2634
565 244
76 2018
465 896
1224 2156
1000 281
353 202
661 97
1718 1430
2002 1986
640 765
2124 1273
843 505
2117 1867
1822 1810
565 1723
537 1593
2311 2576
1737 1358
2308 482
1230 1342
979 1957
2553 1368
10 476
783 2376
2639 917
766 845
1996 8
1671 1968
2169 1547
477 380
316 1868
1851 1224
1731 1358
634 300
1752 1358
1413 1340
1358 1229
364 1756
190 491
864 1065
318 109
1986 1993
1013 1850
1701 158
2363 125
1301 1542
1557 957
733 1160
606 531
736 1006
623 2289
48 1031
1370 1975
1703 1234
2386 299
308 2045
1224 1975
306 126
2052 1042
118 554
68 1358
1810 482
2522 867
994 1219
2168 834
1234 1966
61 1416
724 1344
1761 2175
1765 1520
2679 177
1702 1240
1856 306
2065 918
189 1509
665 2120
482 2230
2324 1735
109 1805
1358 957
2227 2228
756 240
2260 1419
2260 1417
389 905
1757 957
1583 1120
1441 1957
507 1413
1464 1013
1371 1393
2441 1229
1189 73
306 1551
1146 2254
401 104
1415 2269
2641 535
1067 1216
684 1358
899 1055
463 1702
1805 306
1282 905
657 513
2182 1285
1740 2389
957 1358
1751 73
1413 251
1444 1307
933 883
1267 647
109 102
1701 467
1107 1810
203 1115
1928 1447
67 540
196 442
109 1998
340 584
195 2424
348 2250
2448 1041
716 1810
1358 919
317 1785
88 815
998 976
2181 2202
2335 1481
1914 830
426 487
2302 733
581 1623
2006 746
2240 1157
1721 1687
1637 702
1421 2110
1051 442
124 109
1469 756
2359 1189
2351 577
158 14
110 1599
2170 1357
1358 1727
284 583
938 618
44 1582
2383 1051
2707 165
849 394
2394 2396
130 88
80 1117
1358 333
2266 1395
1701 1241
2290 2496
2079 236
1013 506
1527 88
2360 2578
1723 1358
2027 2360
734 2197
1835 2160
2381 1662
760 2459
1342 1050
892 1950
236 2078
578 1879
609 1041
1652 604
281 746
1959 2621
1715 58
911 1051
429 38
2204 2521
2275 1441
2048 306
2129 1119
2589 1185
1511 1519
1991 2325
90 155
2045 2047
1479 261
144 213
456 2199
1800 1072
453 2305
1790 1609
1103 1123
1692 2187
1593 537
1013 1851
1300 1933
2177 2371
1520 1103
64 2616
2228 2227
875 1945
1701 1299
1383 806
306 1572
1101 1242
963 2434
2182 2232
1909 1131
905 1282
2411 2410
317 1624
1647 2160
1042 624
2394 1085
2445 464
324 2156
306 519
1445 1446
535 2641
2634 2635
1304 937
2450 1527
2351 849
1051 911
728 2388
1795 1796
1701 1872
1072 20
1124 669
982 1256
1592 2485
2614 494
1922 1416
1748 1281
142 525
827 1039
548 2138
1907 1906
640 1598
215 1701
1907 210
88 1908
1882 514
2 1454
1770 1245
2114 1083
128 233
2007 1986
2463 1157
1583 1013
1616 539
1692 1472
1111 2129
1321 2501
996 1135
2105 490
408 347
1810 1820
1072 1740
1758 2466
921 2293
638 271
2671 2674
735 1543
2181 142
1169 1358
120 1842
1224 682
1552 1089
972 2580
1969 2238
676 410
1224 1851
2406 523
537 145
203 1869
2329 2330
236 2079
1901 2286
1973 1525
2075 2076
885 878
1987 1986
2118 2117
1230 1050
1869 199
1936 402
1493 429
1408 370
1416 149
618 288
387 2191
733 2301
2332 1481
1553 371
2438 168
210 1079
2033 1336
1736 1358
515 1102
239 1759
1435 2071
687 1610
1038 565
2023 1512
1528 565
55 2021
409 407
1021 2309
2063 1325
837 2670
2017 1487
2012 272
628 2546
1449 2681
1679 1316
2268 2291
1491 1320
1136 73
549 511
2383 2382
2461 106
2175 2176
734 751
337 1499
1628 2057
10 2545
623 2464
1898 645
689 1358
645 1358
1862 2582
2671 1109
2609 411
2675 2674
109 1661
316 920
766 1868
2017 130
2001 2003
1927 1152
403 1037
2451 2389
2216 2215
878 2326
1946 310
69 604
1138 2250
30 697
350 308
1464 1359
1120 1013
415 1174
2130 791
2083 367
2446 1216
605 2534
2075 2667
2111 711
206 71
1782 350
946 1966
2168 1557
1271 599
1401 258
957 2083
2448 2446
546 1608
2683 2681
1950 1946
1106 1092
1667 162
227 534
2085 306
827 1921
2280 242
1538 1500
1485 1914
2059 1906
666 1850
2450 704
819 154
1944 1950
1358 873
995 2385
2387 638
2077 1020
297 1542
2133 2131
1279 901
1252 867
328 1250
89 1401
707 763
229 2118
2155 2295
47 1579
492 956
1129 1518
1070 728
2089 350
1849 412
177 1639
1317 1720
368 1194
302 1158
1129 2351
1433 931
1633 1096
860 1758
1501 116
2056 1680
733 1062
408 315
2530 2515
1865 1701
2168 1033
2228 1396
598 1573
1266 1529
1583 973
1702 1970
269 418
563 1701
1216 2503
1794 1796
1487 2137
622 1002
1987 1295
576 574
2295 1110
395 640
240 172
2660 1673
1534 1082
878 885
510 1171
1703 1702
1782 487
2192 213
1090 1271
41 175
797 1833
1701 563
56 1616
1229 1155
2671 2675
216 1701
1406 2387
2647 243
892 310
733 1329
236 2046
520 184
344 441
2381 2001
1349 2684
1889 1531
2418 2021
726 2671
661 830
587 1032
2682 177
2100 803
1215 1131
889 1832
321 1083
1966 1703
1810 1062
1357 2170
238 1828
542 1623
2450 1743
518 2423
19 1939
1090 2367
1714 1154
2335 2259
1222 1224
1869 277
460 1989
756 512
2056 2576
1107 2379
2086 1089
727 2570
519 306
1978 249
1046 2387
121 1158
109 124
817 90
722 2501
1407 1263
30 1358
186 1228
751 2202
0 1862
1624 1777
193 441
252 1973
583 2225
1572 836
40 866
2034 14
1806 453
2066 2065
1309 88
2194 2195
1739 1709
1695 276
1475 2469
1856 1701
1724 1358
468 1313
2150 1378
1515 2234
1738 1709
181 1359
180 1020
823 1765
1311 1313
1725 2413
1522 39
1257 2249
145 1593
1312 1311
52 2172
2034 382
264 1902
414 711
1629 1659
2327 699
2222 2224
1795 2464
1785 963
963 2240
1912 1296
1358 1721
857 470
842 161
1171 2359
733 2011
2238 2237
1692 1469
2146 1101
160 2009
738 2162
1797 1012
1745 2596
1505 330
1338 2385
868 1526
75 84
1512 342
2457 1917
2450 754
311 1865
904 1360
1524 434
1480 1103
1799 1072
751 734
1950 1605
842 87
1591 2541
15 1271
817 220
1805 1072
1251 1623
676 1955
291 1692
13 1810
1867 2117
1358 1238
1986 1166
277 696
2263 94
1376 239
2109 1085
1959 904
788 1031
1934 338
2061 735
14 2668
59 580
4 1761
898 92
2054 456
148 602
2144 137
1154 957
1041 2390
15 1090
1183 472
2576 2056
1 2
498 323
442 196
2132 1683
12 2662
1358 757
664 1701
480 1426
1292 1358
1358 1716
687 480
391 493
1542 990
747 1538
394 1064
745 2009
2045 133
1102 2464
2389 2451
1782 1772
56 412
1292 1317
1386 727
327 1996
2153 2155
1386 2571
1797 1336
765 640
2015 2071
1335 2087
2317 1928
745 743
152 884
1644 1013
1798 487
415 593
34 1358
177 2679
67 2628
2199 680
1024 625
1756 732
88 76
2286 1549
448 1824
1148 1747
1928 1344
973 454
1701 1870
2305 453
565 526
2379 2002
743 1986
2224 2225
252 2485
2243 2245
143 1701
2209 1647
1042 1025
1441 2271
1655 2295
1697 2253
1914 1916
1777 1624
489 2391
2054 525
377 1265
716 1821
1394 88
99 122
915 2415
1791 1609
2018 356
2418 239
2068 1330
1475 614
2160 898
1474 593
2247 1086
48 714
1783 1767
2642 16
1986 45
897 146
1071 2671
2330 861
2399 43
486 2667
1013 1846
581 306
706 963
1623 1776
2455 123
771 1156
1714 1727
490 826
1713 1696
306 153
2464 623
1910 1296
378 602
303 719
524 2476
1091 1256
180 158
833 1641
800 889
2464 1530
1577 1099
1228 2580
1652 498
1441 720
918 1542
2322 1705
1428 1534
1701 1799
790 180
2304 733
497 2419
89 2463
154 1752
2678 492
202 1345
266 578
74 1517
1456 1457
308 306
2457 499
1639 177
1772 1782
2325 1991
1008 1416
2079 126
1948 1819
109 1779
2405 120
2491 1899
719 306
2133 2182
1927 1929
1256 1016
1090 1093
1358 364
1141 963
1902 1899
2327 1778
2702 1536
2074 2181
1692 2302
1955 1954
1049 2610
1257 1071
1933 251
1169 2220
168 2438
1888 1887
1904 1960
1358 1745
901 1042
1405 1508
2157 108
2509 1987
272 2012
157 1701
95 1602
442 2120
2145 18
2248 1071
1950 310
1416 61
931 1433
2182 858
243 2648
48 1666
855 2493
1986 792
1148 1317
1318 2662
2329 2331
2197 2181
1807 429
1742 2443
1212 1701
1241 1950
248 1531
1358 489
2194 2193
1658 88
2084 409
394 577
1477 2066
1008 2059
1979 2178
1497 2034
840 1903
1174 415
2534 1159
869 598
2503 2444
99 2455
286 698
2554 2689
1878 2256
101 1358
458 125
2289 584
1482 1464
1219 78
711 2112
1505 1552
258 963
386 2114
1171 510
733 45
848 1373
1039 885
1902 844
2034 2130
2631 66
2399 963
1358 754
1979 2405
2419 74
2086 2094
1914 921
1684 2486
2270 2375
2388 945
972 1000
2454 99
2581 449
1307 1444
820 889
2156 324
2110 1085
2390 489
962 1810
1889 2039
1358 53
2241 1191
2018 76
1529 1115
2036 2034
880 1013
814 1158
1838 2182
1864 598
523 429
1396 2394
448 1902
1914 1920
2126 1235
1914 596
1257 2518
932 662
957 2167
1984 651
39 1965
1725 1358
792 218
1950 1815
254 507
1291 2154
1701 1863
1175 2359
2129 1273
1070 1072
1950 1948
2056 734
542 1245
577 1129
870 577
2394 2228
747 540
2145 2095
99 2454
1358 1742
877 1177
1797 306
88 1527
761 1443
1129 2352
687 1586
808 924
307 991
59 2651
2375 371
1706 2585
904 132
1296 895
1490 2327
1283 1776
1224 2151
2668 2667
836 2403
2362 442
928 327
322 228
1424 1621
2534 620
1229 871
973 1142
787 55
1336 1012
22 39
218 2594
162 1667
1787 109
1703 1906
2186 756
1565 1358
267 2000
1737 1888
379 1022
306 542
2065 2066
1358 1041
739 393
458 193
747 113
2 1666
24 2139
833 345
957 752
126 2045
1768 1623
95 1580
973 671
2175 1256
1358 645
1171 681
1075 1701
2182 525
386 2115
1709 2365
1750 1765
2000 160
2266 2321
454 2188
2176 1091
1882 661
1842 1980
1209 64
1268 2309
1042 2054
2466 2279
1914 1905
1772 1623
2319 695
180 790
1912 1609
321 1450
93 950
1358 1733
1557 650
1831 824
1439 200
2332 1125
506 1914
962 1062
2412 469
733 218
2503 403
15 2367
498 436
1158 306
1306 364
1169 1737
1174 2394
1309 1741
1058 1195
1652 1972
2511 2203
1570 696
1169 1040
1057 2409
372 626
1743 1358
362 1966
1655 2384
1788 1624
492 2678
865 2653
8 281
1623 1768
1452 1417
2167 957
2681 361
1416 74
695 1998
1416 1118
1894 1149
1590 863
1785 808
145 1165
1941 2508
1312 1313
790 482
2112 118
482 218
2460 760
1301 598
434 2408
1973 32
206 2691
366 745
528 803
2001 2348
2568 1023
1235 1462
1719 1169
267 2373
1182 472
1309 1625
1702 1966
1192 733
2258 1290
454 1441
1428 2524
2034 417
347 423
1952 1002
2172 2182
323 55
1289 1705
1619 1441
504 1973
1725 1745
2671 1135
720 1441
806 1383
1660 1224
1772 1564
1241 1701
773 1072
2243 1503
148 381
1229 1627
549 230
2444 16
1095 1810
1889 1893
1399 2227
373 1025
1484 2520
2291 2268
266 809
961 1728
735 2060
2041 788
1978 436
1692 2348
1695 2133
784 960
1520 1765
1978 621
2425 1622
306 655
854 344
537 2192
1676 1501
2579 972
574 2001
577 906
244 1610
2075 1020
1128 1954
626 2556
1682 2291
1250 202
649 1457
2472 192
1358 1766
974 1496
1708 1358
383 1704
2083 1557
1046 91
269 2543
2306 453
109 2092
2282 2135
2615 2696
1287 1164
1111 2126
110 1161
1670 1346
1107 598
611 2690
2045 519
973 1072
1461 2248
473 2647
2590 1469
2349 2358
1894 1215
330 91
863 794
2240 2238
1358 1715
2107 36
73 1745
1105 578
72 1358
2186 1279
1705 2322
1042 1047
2614 9
2115 2519
2634 2636
1664 2147
838 279
1683 181
1954 1958
1118 2155
1628 2021
1912 435
1218 1079
1897 1896
30 2343
306 1490
873 1479
1525 1973
658 2147
377 2291
973 2019
868 2276
201 297
665 397
1469 2346
236 153
436 1979
1765 1720
1623 542
736 2202
154 364
564 189
927 17
2349 1460
1416 1924
1107 2243
602 378
2282 816
1035 1433
657 2442
1488 2601
45 2668
277 973
733 2291
1155 881
1607 1099
1986 201
790 1810
1427 1725
111 1169
1615 1665
1645 1507
2169 1546
1903 709
163 47
2278 850
553 1583
2657 1642
1171 1092
2116 356
1528 1361
1782 1623
2354 577
1276 1962
1558 1191
2113 704
2217 2023
1115 593
640 894
1757 1358
283 2250
1042 1118
2182 52
2366 46
1464 1914
603 2045
1632 16
2246 1595
1295 1987
502 285
965 1693
1505 36
1715 1358
2164 87
1072 1262
1585 89
2123 91
484 2046
1740 2390
2706 2707
2470 614
1450 321
1072 1478
1598 1093
589 1624
810 1068
1068 810
310 150
1183 1354
2519 2115
1067 2307
1035 73
2019 2018
1756 1358
1902 793
88 1174
1746 1358
2125 2124
1341 868
2579 1225
1360 1650
24 2141
602 148
123 26
1675 1074
1358 687
2195 2194
1699 1065
1671 1929
1810 27
1249 2556
768 1724
1360 1902
2034 1614
739 1543
436 433
2247 972
93 550
930 380
1324 2265
239 2418
1285 711
1673 2660
1152 2416
1050 1634
586 74
1506 1229
518 666
1662 2381
2009 2025
2109 1421
2342 1259
408 1841
2462 1442
609 2448
95 2183
540 113
176 109
1278 2268
999 1358
964 965
310 1241
1915 2649
1026 1303
2335 1385
564 2476
1749 2446
371 2375
1884 661
2025 1120
1898 755
1088 741
22 2238
2422 1920
1358 882
1604 902
1441 2272
1681 695
277 1869
2122 332
2599 961
2367 2370
2518 2249
1221 1949
1536 2580
89 1653
867 871
702 2070
356 2018
514 1882
1665 2034
877 1542
1772 426
1204 751
666 518
1429 1428
294 306
1725 628
95 736
896 465
2643 111
1628 1635
1986 1697
817 155
389 359
1242 2146
960 2650
2180 257
2554 1136
1703 963
1795 1794
29 2645
544 1580
252 973
860 1427
808 1785
1886 1103
323 2020
197 231
417 1871
567 760
1473 2707
119 1959
2425 1341
36 2106
1604 1358
1358 1287
1623 1782
1457 649
133 1670
2397 2394
81 423
1926 1416
1509 1262
1914 1919
1926 2051
622 1951
2365 1709
223 1761
1500 1131
394 849
1986 1704
88 2013
2096 937
1926 69
2541 2303
1039 436
1954 1901
1013 1120
525 2182
571 1570
1810 481
191 382
375 963
1251 505
2178 415
1039 827
2273 1441
306 958
959 2529
65 2419
759 733
377 678
2209 108
79 2097
1328 495
1132 311
675 94
1964 1906
1986 151
1443 2399
2325 1768
474 1181
1693 434
2456 672
2318 1681
1268 1929
2262 1015
2082 133
191 1791
2302 1692
1169 689
403 2503
1054 1099
145 2622
121 2251
1395 679
1908 1474
1623 1784
2018 621
1269 737
180 2004
120 816
875 914
779 1370
899 1986
1610 2558
1670 308
6 1416
154 1753
2219 1838
306 1787
1357 2025
1441 371
2571 1386
651 1984
1742 1749
453 2306
1190 1184
2667 2668
619 65
1494 897
1598 1147
2671 2672
2016 842
573 2407
2202 2181
2594 218
2241 1957
1229 1749
180 791
1054 1605
1750 1766
2445 580
1610 244
2295 86
791 2130
2208 1483
315 2232
2212 2216
2546 466
1543 735
1359 2480
2263 1015
733 435
1351 1362
435 486
2518 996
1873 1701
1207 1102
1421 1975
1701 1862
2166 118
382 1203
306 1775
2684 1320
259 117
109 459
2518 1257
2130 1261
852 1800
826 610
541 107
2124 2126
2456 817
669 729
1077 2113
95 2182
492 688
374 1101
1991 1986
524 1358
2289 2464
1580 2199
2249 2518
2252 121
1702 2238
1583 1224
2504 2095
2212 710
1358 1723
2393 1634
1213 1290
1317 689
1610 687
2217 175
456 1580
1432 2663
1671 2136
1602 100
1702 22
189 1262
2427 2428
429 863
1784 2096
213 1593
69 1013
1020 218
2492 758
2562 292
1726 1483
88 743
370 128
2045 1651
1536 186
2216 1724
1156 65
1744 1358
2358 1460
1807 962
1378 1544
1243 1150
2686 1554
1073 316
54 767
85 1065
2029 472
1592 1351
1519 2335
2309 1268
88 2015
2074 95
1567 1874
2367 1093
598 1003
1542 216
887 1624
1537 441
1708 2314
1358 748
1654 2034
1653 43
1441 750
334 95
1169 188
1406 922
1027 2394
286 442
953 2565
2130 691
2645 706
1037 403
1358 1444
1501 2395
2080 1245
687 1033
1183 1825
1579 2029
1647 2209
2380 2123
2248 1257
1046 2587
638 1773
1448 2045
295 1177
908 772
1662 2398
2051 2364
1810 1813
647 904
357 1358
1452 1336
980 589
2145 2144
859 2096
1254 657
1149 1986
2011 88
417 2494
1986 899
489 2390
846 2146
2324 1283
2622 145
711 2113
2288 2287
1842 2281
51 2214
440 441
1737 2616
1245 306
775 2075
1399 2394
105 1721
1602 2074
742 1743
620 923
2097 522
1834 2359
1358 90
1725 2597
109 176
1762 1358
577 1063
310 1945
1378 2058
1367 1196
711 414
1829 1408
504 2396
1103 1480
1986 1998
229 1894
39 1532
160 743
2608 1900
1894 770
1336 1452
645 1824
650 1756
95 2201
543 984
2034 1812
2537 259
40 1364
2400 963
1776 2324
1030 859
2199 731
1360 904
91 1046
2010 118
1838 2219
2203 731
2464 2465
1428 1429
1413 402
415 2014
978 1358
1400 2698
2087 306
109 306
2127 2130
1885 1884
1805 426
956 492
230 1095
2405 2281
337 1214
2066 2122
1050 1342
82 1634
485 839
437 718
779 1224
142 456
1624 1196
2181 2196
1125 2332
306 1656
661 1885
1358 1758
869 1864
1414 2270
1033 687
1093 15
781 2402
1999 285
94 2355
1975 1224
733 401
150 310
1337 1701
1743 1483
1481 1015
2269 1903
519 836
2403 836
436 1980
1827 1828
109 1785
1705 2081
89 884
1259 356
2222 75
2230 938
1954 1128
2495 2494
512 1692
327 2064
153 1623
2100 830
876 1358
2696 2615
1958 739
1003 598
1623 1144
1072 1483
527 423
454 973
2233 2182
198 1255
1979 1980
1669 1892
764 1606
1986 2007
279 666
1474 2261
2465 2464
23 2159
2581 83
1199 1599
1546 687
771 1080
507 254
1893 1889
1810 568
1842 120
1119 1697
2216 2214
1223 1116
695 1012
1701 1876
1325 1000
696 1570
2044 429
1739 1358
179 197
2181 2197
2034 2037
1169 1734
821 222
1015 1789
1974 1973
1765 1711
1711 1358
985 1358
1585 1401
2067 1098
681 1445
1152 897
915 1035
11 1655
1444 2323
1238 154
1655 1121
1067 936
1542 1940
1077 389
1358 1761
1740 1035
2500 1874
1917 1914
2555 2599
889 820
48 2205
1966 1010
2491 1360
1187 1188
1325 2063
782 245
1226 2528
687 1710
1250 328
1284 902
1787 306
1690 118
1234 1703
1081 2563
20 2375
2353 906
1623 153
794 863
1029 2166
2596 1751
809 1115
1839 11
2060 735
1254 1308
231 1701
333 1694
540 2527
1503 979
1732 1358
1824 1826
140 623
48 2206
2345 1692
184 520
1986 215
141 740
1681 2319
2050 2485
1789 1773
306 103
735 2062
2066 1477
55 1983
1971 1966
1629 5
1924 1416
2268 1160
116 1076
1090 1598
1973 1637
951 328
1346 519
1296 35
1093 1271
1725 687
1899 2510
1051 2383
724 2395
526 1007
104 2210
2329 2095
1358 689
1232 1083
639 900
1701 1846
437 1495
1540 525
1145 748
1921 1416
451 935
1652 725
2570 1151
765 1147
1636 2139
1519 1015
1856 1335
1721 1761
1179 1955
2543 1000
1361 1528
2034 2042
725 2071
1623 314
1682 733
2642 1756
1895 1566
310 1948
2034 2041
1309 2103
1705 1289
1574 1986
1414 371
1825 1824
456 525
737 2136
1174 1912
1956 807
864 2210
472 1825
1095 230
580 2444
41 1914
2344 1080
1997 1986
1194 368
1348 218
573 1313
2213 710
2414 1200
1742 1154
1761 1205
2122 2066
2566 953
805 2236
1320 1349
891 645
1128 1441
1713 1358
1930 1131
694 1478
552 1169
1313 468
2103 1309
1682 2320
2530 2442
833 1678
1754 154
755 1277
647 1267
1742 2445
1597 320
756 256
1135 996
1602 1416
2516 694
1385 1015
1413 219
2563 1081
130 1982
102 1251
210 55
1758 860
2408 1693
2445 2503
1358 758
1121 2136
1804 306
2670 837
894 1845
1249 1483
2146 1242
2027 938
1147 2371
1914 1079
2558 1610
1911 1368
2446 1749
525 2180
1004 1489
2476 105
2469 1475
2654 2655
2034 1889
488 2547
130 2017
733 1817
1434 445
1062 1192
1835 2157
884 89
2130 2034
1655 1842
2383 924
996 1257
320 1597
656 350
304 2423
1815 310
1041 1243
1545 368
219 1542
854 203
1169 552
2648 1532
1810 1822
1358 616
1226 807
576 1810
989 1645
154 1568
1144 1245
2140 1679
1769 109
1072 1799
1103 53
146 897
33 286
203 854
2424 195
1370 1224
2009 1986
726 177
2226 284
548 1523
402 776
332 665
837 1422
2197 965
1108 390
1463 276
442 2362
1072 306
687 1721
1940 507
1107 605
469 2412
2394 504
203 857
505 1180
736 1631
429 1807
1474 2335
651 2024
2001 429
1932 402
24 201
588 698
1153 258
1269 753
310 1272
1861 1701
2109 1396
1986 1873
1313 573
428 2248
415 2182
433 436
1429 2520
524 552
596 644
979 2207
1912 1174
2455 99
712 1464
2063 1996
2437 167
1595 2246
1101 2146
1920 69
1996 1986
438 1985
714 48
1486 1035
2192 495
452 1623
734 2277
1958 1441
1676 1675
1393 1371
45 1986
1528 427
2678 1257
1428 1202
1623 133
1583 553
552 1358
1504 1647
91 2001
1672 186
798 1795
244 1072
2277 734
963 2401
1657 2688
964 1388
279 2423
2114 2519
2349 1498
1503 2241
436 1978
2500 1567
2282 1351
105 2476
1094 258
2052 544
767 873
24 17
2122 2123
1065 1699
1932 1936
2343 2344
6 1602
243 217
401 1096
1801 1035
350 302
2227 1399
2168 1586
1280 449
1297 598
2025 1357
2165 118
335 1701
1986 1988
2429 250
1749 1742
1395 2267
80 2049
982 1458
228 1871
2367 2368
1697 1986
912 2130
308 350
1686 2647
2093 109
1001 2662
1669 2332
2471 2493
1370 779
1906 2059
936 246
2046 2048
891 1674
2383 1484
1663 1119
1046 1510
661 1878
1701 235
1110 1224
885 651
1358 1739
1914 1918
2002 2379
759 1703
2666 2665
553 745
524 979
2473 2648
1300 1941
2197 1388
83 1520
2621 1959
1178 1908
30 738
1654 1567
854 1884
623 444
1842 816
808 638
2476 1596
1952 2206
624 1042
1358 929
1576 1331
1271 1090
1518 1129
2306 1818
2501 722
1849 1616
1401 1153
264 844
2383 893
519 1574
1211 507
1998 191
2083 2168
898 1835
33 911
2181 2074
532 1701
1785 1624
2240 1530
1098 2067
2225 75
1624 887
718 438
352 1294
2228 2395
1358 1735
1382 2283
1921 315
778 1914
1131 1538
381 2538
1581 1819
2601 2609
2539 2632
1163 2132
681 1986
2465 1102
2505 406
1769 399
2694 2695
2625 2626
102 1878
2627 929
498 356
491 190
1201 2214
1441 241
1131 1655
2667 486
1902 448
1103 1888
700 1691
1624 1505
444 2464
1309 2015
1131 1224
2133 1695
1086 1124
2524 1202
405 738
507 812
1358 1736
1928 1927
2012 88
975 2097
2189 847
43 1530
166 2617
747 282
2685 296
693 334
2124 1119
1448 102
1884 1885
1691 700
1986 2009
4 2176
1480 1358
2575 1008
1072 1358
1902 1903
55 60
1327 2161
1847 88
183 997
1185 2358
160 2000
2351 394
446 903
1826 448
995 1912
1171 649
2400 43
1322 2265
159 180
2025 1110
1914 41
436 498
12 2661
710 2213
1127 1583
1285 2182
608 103
476 1140
1935 1177
1701 1052
1980 1842
851 415
1826 1827
2042 2034
1041 2448
264 1826
59 1287
1042 1628
1773 1623
328 290
589 121
415 1847
1735 969
350 2085
1656 1798
1273 2124
1299 1810
2608 891
2519 1365
1629 1711
1888 1737
403 806
487 2026
1131 436
2172 525
1927 1435
1199 1716
1903 840
1620 2450
1072 1733
1045 1773
1543 1881
905 1620
197 2412
2285 2286
598 165
1343 2165
2485 1370
1724 1723
2451 752
513 657
289 1358
1583 366
937 1180
1444 1358
1482 1402
596 41
1358 1169
2037 180
2626 2625
507 1300
2006 1986
1389 341
1172 467
593 1115
598 1299
2078 236
2043 429
901 731
838 2280
1630 2227
1837 1330
1702 1365
901 2199
306 308
2058 2150
397 1096
526 1216
845 598
1837 997
2608 1674
1634 82
118 1507
1703 1967
203 963
2034 1654
1294 733
160 745
536 567
1015 1385
220 817
519 1998
1791 2045
2116 1218
1442 432
2126 2124
867 1229
1561 1623
133 452
463 1966
1151 2570
338 1934
1580 544
1550 2083
78 1219
595 1016
2650 960
252 711
1721 2476
1724 2215
1916 907
1619 392
1358 1480
2214 51
918 1098
2154 1660
1725 2596
1377 2388
1816 1810
815 1174
2144 2331
1873 1820
2120 2040
2001 2123
2451 268
1849 1487
403 1383
1097 854
2138 598
1013 1845
420 199
281 1000
440 725
973 277
1742 1007
1776 337
859 1199
2674 1109
2174 2173
1542 1607
592 2669
970 2365
1935 1176
1013 181
1020 180
1779 306
1907 566
2580 972
2365 1565
1701 215
924 2383
736 751
1160 401
1424 1813
2121 2001
1810 1107
1517 74
1812 482
1228 186
419 349
1634 39
1470 1555
1725 557
1972 1402
236 109
1352 506
2238 2240
1154 744
1245 542
910 887
1157 89
2333 1042
738 1927
2018 2019
719 1623
68 391
1566 1732
2130 2127
972 2579
2480 1359
2277 2074
872 1413
2118 1894
940 1829
1526 1981
660 139
1986 1149
370 1415
2183 2180
1337 109
598 297
1251 102
1299 1701
613 341
687 1171
1373 518
111 2643
1604 1284
1299 598
1766 1739
1659 5
893 2383
1275 1468
1953 1470
2261 1474
1824 1183
88 1494
1358 1740
2024 651
1927 405
388 2497
2113 1077
157 2493
1827 1409
1000 1325
306 2080
2560 2561
1376 2232
2570 2572
890 1269
60 1527
1913 440
1823 598
572 2418
2173 2174
1150 1243
1959 132
647 1360
1546 2169
1874 1567
2117 1894
1913 895
2440 1229
306 1346
230 549
1603 968
214 2194
1987 2509
560 774
530 2094
1734 1169
1248 2045
1512 2023
657 2523
1848 1909
1529 1178
1072 1725
2113 2450
2250 348
1599 2614
2490 94
1307 2536
1593 1165
796 1103
2408 434
1699 1505
805 275
1129 2353
1443 963
1482 2132
1894 2117
316 598
1838 95
973 306
1555 1470
1714 1169
634 2227
1135 2248
723 9
1358 985
2290 2464
2674 2671
2321 1682
672 376
1667 651
1535 280
1956 1955
1622 2425
65 2021
738 405
205 1701
581 1616
2700 1151
452 306
608 2080
815 55
1050 1230
734 1388
1013 836
1009 306
1488 792
1414 370
1742 526
175 596
984 1068
1790 103
1701 1855
1116 568
2219 485
1742 174
1623 1560
475 2219
1791 191
1416 30
963 1417
2155 1118
1350 1443
1898 379
1513 760
1683 1973
1505 1788
1413 507
1894 1655
1530 1369
1168 1955
310 990
1533 492
1845 1013
1417 963
1360 1960
2344 2475
1404 2375
2296 1134
2199 2186
311 690
2278 1359
2597 1358
301 2492
952 517
708 836
2356 934
1065 104
456 142
222 821
632 1430
1772 109
1811 1822
2329 2144
1701 547
212 1290
1062 733
1401 89
1433 2359
1495 645
1336 2033
236 126
839 965
743 1570
405 1927
1914 506
160 1986
823 481
1002 622
1703 2238
2094 530
1810 549
1332 621
2489 1608
2352 1064
1788 1015
1582 44
2469 365
1109 2671
1183 1182
1565 2365
816 1980
1783 1623
1334 1577
728 1296
1912 2103
1329 78
1076 116
415 300
95 2199
756 2186
306 1805
2110 1421
2045 139
372 2377
1532 2648
980 1623
2611 1239
279 2280
1598 2367
507 40
33 2119
1392 2212
1946 1950
1380 2564
733 377
1642 2658
859 762
245 1162
1461 1634
778 1370
1119 1663
1683 2132
2163 1303
2535 1186
2470 1475
1740 2391
1778 1771
598 24
1505 1801
2516 801
2680 2594
1063 1518
1169 439
107 971
1805 109
873 2313
2044 2001
2422 847
1078 591
1255 198
1328 2160
766 1297
1561 102
934 94
586 94
1083 1450
45 1219
1153 1401
1204 1602
171 1548
1705 1193
2706 165
401 1065
1852 2045
1939 19
793 1903
1250 650
576 665
2001 91
1701 1853
1786 1624
407 1681
1986 2006
1721 689
118 842
579 1808
1914 1674
1301 25
2038 293
364 1632
65 2418
1119 2128
610 234
505 1258
306 2088
1501 1487
1333 2195
2159 2157
1050 1380
55 651
480 687
830 1914
306 302
857 854
2576 2311
693 1851
236 1572
174 629
182 997
73 797
1659 1629
444 515
1966 94
1109 1533
2001 2381
638 808
2447 2446
565 1398
111 2492
1821 598
996 2248
2136 737
1231 653
1643 348
2415 915
2556 1610
95 2054
1821 716
857 1097
612 2235
1358 626
829 1816
148 714
1597 432
1852 1701
2359 1171
1246 857
1743 742
774 560
1538 1133
73 876
83 2581
1015 1143
1110 1120
1902 1829
515 2547
616 1739
1717 1358
1872 1701
1413 1933
2285 2284
1815 1810
2467 2017
1550 1358
964 257
1369 1094
767 1701
973 115
133 1784
1211 254
2077 14
586 1224
1344 2315
831 1638
251 1300
487 655
2365 1738
1911 1296
2175 982
2667 2075
262 1351
868 988
2409 716
993 2155
598 2138
1012 1681
963 29
1533 1109
196 2122
1494 436
2045 1830
1953 458
1111 1119
1773 1789
457 2215
1402 1616
607 1664
1588 2055
463 1964
2063 1326
797 73
306 1705
2045 215
1343 118
1358 1747
343 1701
2364 2051
444 623
1170 1476
1284 1604
884 152
452 1258
1950 1272
2686 1657
300 415
1701 24
1843 415
2119 33
776 1413
1701 1858
1240 258
1879 661
770 2117
270 1195
1035 1486
1542 812
231 197
1264 1531
2261 718
565 427
2504 2144
643 573
1894 261
1810 1814
1200 1502
1506 1146
807 661
1891 2130
2221 1739
2241 1503
969 1483
1519 1511
418 269
1669 1481
2522 657
1464 850
2114 2588
569 1759
2501 1092
1139 52
1358 1749
487 859
1912 1338
1661 109
2546 628
2329 137
1566 768
1445 681
1975 1421
597 1628
118 1851
2160 1328
1914 175
52 2182
30 1416
2326 1998
621 1332
2524 1428
118 1029
704 1743
126 236
306 1584
752 2451
1176 295
902 1358
1072 1505
1256 2176
65 1293
1115 1097
2569 477
1128 2275
383 309
1261 2130
1542 877
2006 2477
1193 1705
2289 623
25 2011
22 1703
1623 1777
711 2111
1312 904
621 2018
2368 2367
1636 24
2459 760
1087 89
2357 2355
464 2445
797 800
765 2367
2077 2076
1463 2131
1929 1268
1367 484
1022 1276
839 485
871 2530
1904 1360
661 1881
1180 937
1186 2535
1062 1810
1160 863
232 1701
2256 1878
146 1927
27 2578
2219 475
2130 1890
531 606
2503 1216
823 1358
251 1542
310 1947
1509 189
607 1213
1636 598
1677 88
1381 1794
1015 1519
415 525
1973 1482
311 1132
2335 151
1483 1077
1110 2025
118 2165
2493 2398
2056 1841
1067 59
1253 308
956 2677
2185 1131
2176 2175
153 236
2546 5
2240 963
2283 1131
246 1358
962 1809
28 1687
947 786
2444 2503
1459 2218
1415 371
108 2157
1460 1185
242 838
416 519
2560 1114
75 2225
2675 1109
795 1645
507 251
1955 2235
2375 2270
2154 1587
1089 2086
443 1010
2054 2133
1751 1358
2617 166
1042 2055
89 1585
276 1695
1519 147
795 603
1879 490
1912 2102
1436 2259
465 1403
35 895
971 107
306 426
107 1113
583 2224
1210 1648
1983 897
1382 2176
2010 161
980 1367
553 160
1899 388
2434 2401
963 1157
1952 788
936 2530
1121 1810
201 598
306 329
1707 1441
2180 2182
390 1108
1450 1225
37 2427
714 148
876 2584
969 2450
88 415
2244 281
604 1914
2177 398
2033 1002
1320 1050
53 1103
547 598
2296 313
2530 2440
411 1488
1114 2560
187 1208
2439 2652
577 394
838 242
2330 2203
1464 262
2157 2158
2399 2240
2335 2001
2306 2552
1072 1802
711 252
2084 306
561 1016
1358 289
1358 1712
78 1418
1841 2056
1855 1171
2515 2530
276 2133
2655 2654
2220 1169
487 1782
434 1117
1914 604
2036 833
1300 2508
1072 973
1503 1502
1358 1103
1810 1818
189 564
1973 490
733 1192
1623 556
2022 454
948 1681
2114 386
1649 94
2436 2112
879 1558
129 701
2421 757
1295 1171
1213 1084
2564 1050
143 598
1975 1370
1638 831
105 2651
1358 326
1682 948
481 1810
2117 386
1738 1358
255 118
2021 65
2485 1792
109 1337
948 695
1963 1022
2543 2247
603 795
598 1821
1810 1821
106 2461
1257 2677
966 415
109 1624
2681 209
973 935
1701 343
1896 1897
1974 578
1146 1505
1709 1358
1604 46
260 365
2215 51
1131 838
1838 1204
1382 1502
2146 2148
2370 2369
1218 2116
2055 1628
753 1269
554 306
1271 15
525 1628
2698 1573
2707 2706
652 470
483 120
955 1914
101 1589
2107 1781
186 1672
2047 294
2126 2125
138 236
1681 948
1759 239
2460 1599
1208 187
577 2354
677 954
548 809
380 2569
2434 1087
1409 1828
2124 1608
2054 1602
2336 2524
1868 231
1315 17
380 930
681 1446
262 1464
2518 2538
442 1051
1628 1042
1738 2365
1968 2034
1527 415
699 1701
2578 27
1781 1623
2185 1538
906 2353
2488 85
1229 867
2380 91
827 1999
0 2582
961 2555
1358 686
1959 379
1727 1714
2395 724
223 1154
253 507
1992 1986
1906 1907
1450 1083
1443 761
2641 936
1581 1810
94 195
1358 1725
349 2427
1343 255
2137 1671
541 1022
1224 1660
1798 1656
2199 544
1986 1992
1750 1739
1204 1838
1555 458
266 2229
2176 1016
284 2223
2555 2338
1964 1965
1927 1930
711 496
2017 815
2130 1891
2372 687
120 514
779 702
1741 2593
139 910
751 1204
1881 739
1777 1623
2335 1519
870 1119
597 1104
748 1568
2126 1273
1504 2209
515 2464
1006 734
512 240
1478 1072
1666 49
2025 572
1864 869
1697 1522
1421 2109
1028 661
2335 627
327 2063
1469 2349
1441 590
2176 595
408 2056
1133 2185
2372 2359
2139 2141
871 867
591 1078
2569 930
1917 454
70 2184
1464 181
109 2095
1771 1778
1614 1671
748 1145
1072 1804
1358 1713
1065 401
39 1349
1275 405
895 440
1602 315
121 1910
1224 778
1749 1358
399 133
1726 1358
88 737
1689 155
2394 2397
1781 306
1721 105
957 1557
1195 1058
1309 1338
2519 2114
1997 1347
135 2095
109 318
1170 404
1657 2686
306 139
1505 1072
1355 1171
2221 823
1017 591
323 162
1303 1026
1620 905
1413 253
231 1868
2530 871
2550 1812
631 567
1650 1360
2351 1129
370 2269
2665 2666
1796 1795
258 89
166 271
1344 815
1050 2564
1870 1986
2139 24
541 647
2427 37
1050 1081
736 2197
962 1808
2670 2679
571 696
454 441
1080 2162
2010 88
772 908
1354 400
2228 1501
1592 2071
364 1606
2281 1842
151 1986
1013 1844
3 2544
573 505
1015 2263
1052 1701
476 1986
411 2609
1862 0
1622 1289
485 62
1119 1273
2304 465
2034 1983
118 1616
2412 197
1169 1714
39 2357
299 2387
180 1807
1154 2515
1358 1205
274 749
1966 362
1677 415
1885 661
1177 1542
743 160
841 88
415 1843
2482 1056
534 629
1958 1237
2269 20
2387 1510
1473 2706
42 87
2419 497
1237 739
1131 2281
1616 1849
2056 2311
1587 1224
1427 1742
1839 2424
1435 1927
1973 1974
872 1340
1940 1300
2570 1386
2689 2554
1929 2034
733 2302
1628 597
389 344
1955 676
843 548
1345 202
609 59
2091 218
540 1441
59 1627
2096 1856
1685 957
315 408
1708 2313
2033 740
88 1309
341 1546
760 567
512 1472
379 119
281 1382
733 1265
456 667
306 2087
1169 853
137 2329
2189 1682
593 415
1884 249
1926 1042
45 733
1468 1275
375 2434
655 487
69 1351
444 582
2538 450
2636 2693
580 2445
1530 89
2484 2483
4 1256
623 515
937 1304
934 2356
2186 2199
231 2217
2394 1396
397 2329
2464 2290
1801 2451
2703 1298
2297 2298
2155 1143
2390 2451
2343 30
309 383
2615 332
888 614
460 2532
1106 1874
2496 2290
1092 1171
1097 1869
2134 921
2030 118
603 1873
1880 479
49 1666
1545 2248
629 534
2384 1655
578 266
2008 2301
2238 152
808 2383
1586 173
2146 846
2155 993
492 2538
985 760
26 99
1363 1413
1042 6
598 637
1961 801
1478 694
1986 366
1655 2136
1775 103
1481 1669
2218 1459
87 42
501 1358
650 1250
1719 1765
139 18
1240 1443
1574 1066
2147 374
1358 466
1483 2083
2394 600
2566 2565
1309 61
1589 1745
624 1232
1216 526
809 2229
1542 872
2451 1757
2293 2155
489 1358
735 2061
708 1358
1880 661
1703 1968
1542 402
1923 1416
2155 1535
1245 1770
1580 2200
2227 1630
464 1758
682 1224
867 2440
2055 1588
326 154
1573 2698
2080 1311
1513 1830
2349 1469
750 1441
1013 1293
1972 1351
2437 168
1269 1314
1807 482
1683 1464
843 2542
710 2212
239 619
1656 306
36 2107
436 816
1202 2524
350 656
2113 711
1579 47
2104 516
211 164
739 701
1676 1975
1271 2367
2149 374
1538 1131
1927 1923
858 2182
401 733
897 2295
1628 2172
306 1158
1505 1146
64 1209
1483 359
133 399
186 1536
1975 2109
601 2229
2373 267
61 1080
1542 1300
1273 1111
2485 252
701 735
1740 1725
177 726
2401 963
2307 482
2056 100
779 1919
842 118
553 2009
755 1898
1693 2408
554 118
156 1763
2096 1784
2570 727
1807 2034
1859 1701
1594 31
857 1246
69 1920
232 869
2097 2098
1370 2485
1557 2168
316 1073
56 447
1080 771
574 1692
533 1742
94 2357
412 56
448 1826
352 310
1562 1765
310 352
1313 1312
1358 1339
1583 2025
1559 283
1535 1351
998 978
306 112
971 1650
2457 2649
688 1257
1289 1622
1664 455
2328 2327
1152 1927
2249 368
1914 1359
1537 1455
423 347
1562 1358
1035 1833
1182 559
1896 709
1701 1877
883 609
43 2400
1372 42
1598 640
1191 2241
2442 657
1798 306
138 1776
1807 180
109 2045
731 2203
1224 1583
9 723
565 687
306 1193
1280 2612
2375 1404
2087 1335
2616 64
2679 2670
1889 2130
1402 1482
1190 37
1441 265
533 2466
1830 2045
1463 490
1884 113
558 2585
1607 1221
1071 1135
2281 2405
1074 1501
2216 2212
91 2122
261 1701
1358 156
844 472
1013 1464
2570 2573
382 2034
577 2353
1467 52
1973 1976
1832 889
1986 335
1810 1815
1670 133
973 2153
1492 1358
824 1831
1269 2227
737 88
1154 1742
88 2012
368 996
1702 1703
2144 135
2669 592
1229 2440
2070 702
2649 1915
2668 2075
1453 1701
787 325
879 397
2651 105
118 2166
708 2212
2054 95
332 2
388 118
1358 155
867 2522
1358 876
1631 736
1386 2570
922 1406
1349 1634
2632 2539
771 55
2097 975
1927 146
746 281
2656 2522
1538 2185
1920 2422
407 695
757 1358
185 297
945 1072
2441 1599
310 875
118 255
2413 1725
2150 2058
2052 1926
217 2474
2034 1273
1701 335
239 910
1620 1483
103 608
2026 487
1224 1848
1475 2470
1552 1505
1767 1623
786 947
1033 173
629 883
779 1914
490 1309
158 1701
1909 1171
2597 1389
2391 2451
1951 1952
2305 309
2604 123
1830 1513
118 1343
1111 1273
1742 403
149 2025
517 952
2446 1716
743 745
1708 467
2050 1616
367 2083
383 2268
1732 1224
2076 2075
368 2393
2109 604
565 1610
507 2508
1902 1478
801 703
2067 2065
1099 1054
1864 1701
1206 2671
2559 2308
920 1893
1961 1022
2509 2247
2034 841
1186 2574
1527 331
1483 1249
661 1880
588 33
1423 591
1047 1042
2289 444
629 174
2582 0
579 1134
1133 1538
2023 651
698 33
239 1376
147 1976
1892 1669
436 1494
1270 1622
2565 953
233 128
1185 2590
1358 1389
1639 2679
495 1328
21 1043
87 2164
2033 788
505 1448
1015 1452
1586 687
1499 1776
39 1634
1470 2553
1126 1823
336 1950
2217 96
408 525
1349 39
729 2534
2039 1889
1460 2349
1996 327
1955 1168
478 2024
2025 1498
1548 171
2466 1007
484 1775
312 1740
752 2083
310 892
1202 1510
2156 1224
2538 492
1500 1538
1035 915
1302 1006
553 277
2379 2001
1067 170
2173 939
2301 2008
1558 2338
1117 2499
650 1557
2464 828
1054 1432
1505 1624
2383 814
1536 2702
598 1301
645 1895
453 1806
1950 1241
836 2078
1568 154
57 2418
1764 628
1655 11
477 2569
1616 447
1986 476
1732 88
2283 575
476 10
1732 748
1358 1562
1054 1577
986 2697
767 54
2155 1224
182 183
848 985
868 1844
2671 1688
246 936
790 1548
1203 461
1725 1734
1608 2124
219 507
1537 119
1809 1806
2327 1490
255 2112
2305 1278
73 1189
247 2583
862 733
2546 952
1746 1678
1626 210
2025 2028
1441 540
516 2104
1031 48
2403 2402
2567 2565
368 1366
1894 1405
2045 109
1300 1542
33 2040
1988 1986
2024 478
1138 2248
2222 284
2069 1377
1534 1429
316 845
876 73
306 2090
1228 1536
1623 1770
748 1550
306 581
2413 2414
1681 459
2688 1657
1577 411
253 1413
2045 603
1804 1072
1260 2250
1810 1823
667 456
908 1013
1568 748
2093 831
1701 1100
2580 1536
1671 210
1041 1358
25 1344
1365 2519
1224 1732
1064 2351
2117 2118
2642 364
456 2054
436 1981
2297 1796
1067 2448
1448 1251
1169 1145
1921 827
2417 2416
2466 425
846 374
2126 1608
1734 2597
2412 1997
1317 1292
239 2182
1932 1413
1290 2258
1776 138
817 2456
300 88
230 1217
2495 833
1967 275
731 2199
357 2652
333 1358
2561 2560
2346 1692
1813 1810
573 306
1358 764
702 2101
463 1703
1776 1572
1336 1797
1358 72
2159 23
18 1786
173 1358
1890 2130
2053 52
1130 833
2236 1969
1998 519
725 1137
2304 469
1771 1623
1101 374
2386 1082
889 800
616 2503
88 2016
1282 1483
1651 1248
1692 574
1850 666
2391 1740
456 95
1895 645
847 2422
124 2478
873 1358
913 220
678 733
2383 808
914 875
194 473
1330 1837
2004 1987
245 782
472 844
2293 921
1195 270
736 734
2330 2329
1599 110
346 999
1934 1413
1145 1169
2295 2155
2645 258
2170 2171
161 2010
1701 1854
507 253
1441 1619
834 131
754 2450
1358 524
2035 733
1869 420
263 364
1701 201
1333 2312
1441 2274
2021 1628
1412 1743
2355 94
1836 92
1443 1240
1119 2126
661 935
1082 2386
605 1107
2001 2335
342 1512
1727 1358
202 1250
739 1237
40 507
844 1902
1109 2674
2230 482
1453 1986
371 1415
275 1967
2682 2679
685 554
1794 1381
251 1933
998 2365
1681 2320
1358 1568
1799 1701
897 1907
1798 329
822 702
1837 183
2439 867
1414 1415
484 1699
1546 1358
1224 1587
2498 271
319 1205
1985 438
895 1913
1627 1308
745 1986
248 1964
65 239
1715 1154
1079 1914
2668 486
264 472
493 1244
2565 2567
1630 737
552 2201
1993 1986
39 1522
1665 1615
1842 1538
1579 1182
669 1124
1000 972
1395 2072
1765 1755
2152 1224
2404 1912
1653 89
1413 872
1092 2501
1476 1170
2518 1135
693 2108
1358 999
1156 897
2002 2001
935 661
1367 124
1131 2280
508 2325
2374 20
911 1534
1914 1525
2025 671
2542 843
1070 1470
2046 236
1177 295
436 885
2232 315
2202 751
1284 1358
2677 1257
683 834
459 109
1714 1358
2153 973
2684 1349
2693 2636
2178 1309
499 2457
620 2534
1581 310
1042 485
376 1583
467 1172
910 139
1682 2321
899 1858
2259 1436
604 69
1950 1334
2009 745
2038 2034
2671 1071
1654 835
1980 2405
1650 971
1180 505
2223 2224
1358 73
1026 2531
2577 1663
1970 1702
191 1998
1909 2305
2448 1067
2387 1406
1742 533
737 415
350 1778
725 440
2396 504
1426 1751
488 444
1196 2300
1736 817
858 2502
1833 1834
1999 827
1169 301
1042 2198
1427 2446
2463 89
436 878
2248 428
1635 2383
873 767
1944 1946
415 1309
740 1002
1946 1945
2291 1682
1722 289
1279 2203
153 306
392 1415
1072 342
1256 4
1671 1614
1045 1571
312 1722
1499 1358
2195 594
1438 2664
1358 501
1950 875
1894 1049
644 1258
2136 1671
1542 297
258 1401
1906 210
687 2372
2252 2251
299 2386
1171 1855
4 1016
90 817
1441 1128
2212 708
409 2084
1701 232
1264 443
117 2537
1846 1867
523 2406
1521 1013
2591 1552
2248 1138
7 208
1616 118
169 1994
334 693
768 1723
1090 1147
1736 155
1481 1042
1753 154
2548 582
1499 337
2157 1835
1653 1094
1229 2442
197 179
2194 1120
1842 1013
1535 95
990 310
370 1408
121 2252
1549 1901
1199 1566
436 424
1257 2538
936 2515
306 1245
24 598
364 2642
2279 2466
989 1507
1104 597
898 2160
2085 1490
2375 20
1737 1209
965 2197
2367 894
2476 564
336 1944
1795 2299
1844 2276
559 1182
2200 95
1358 609
1869 2309
470 854
1701 261
1102 2290
2182 2180
704 1412
1589 2596
2140 2139
1083 1232
935 451
1765 290
1773 487
495 2192
2003 2123
1996 2064
1134 835
660 1623
2540 2539
2247 281
1377 1840
1095 2613
232 231
356 1259
1605 1950
598 968
1317 1719
373 1042
1518 1063
638 2387
703 2497
1487 1849
2088 1797
2248 2249
2509 2114
1986 1875
2125 1119
1748 1358
1576 1810
350 1775
1762 758
1209 1358
1013 471
473 1575
2140 927
2363 1555
1624 1780
164 211
1103 748
134 406
1724 2216
1245 2080
1828 238
1521 98
1203 1842
666 1973
1798 1584
1124 1086
1749 1229
1998 1986
2099 868
8 269
2624 44
1072 1070
2348 1692
269 321
519 2045
897 1983
1505 1699
1701 729
544 2052
18 2145
1701 1865
2 1
809 266
1972 1652
760 1426
734 736
411 1096
2045 153
288 618
1340 1413
853 1169
562 704
1334 1542
530 1505
472 1182
1858 1701
2290 444
2355 2356
122 2455
590 1441
699 2045
962 1806
2497 388
1986 2001
1441 2273
724 2394
2293 1535
446 1507
1094 963
1645 795
919 1358
1976 147
1205 1358
1701 1866
1119 1111
193 458
1484 299
2367 15
2464 1207
2240 152
815 1344
1810 795
2474 217
1145 1358
1149 1894
509 2146
2265 1322
1257 428
2057 1628
169 2706
2162 61
1901 645
2538 1257
1358 244
1891 2034
1681 409
1396 2228
2382 2383
1169 524
1986 1994
2367 2371
498 1652
109 133
2221 1317
1670 519
1651 306
243 2647
1745 1214
2564 1451
172 240
306 1771
826 490
1413 877
2001 2379
2046 2045
1165 145
2182 2131
63 1322
1986 673
1701 767
1457 1019
1904 1902
1131 1500
1281 977
2198 1042
818 1999
519 1346
365 260
1096 401
149 1080
1347 1997
745 366
1918 506
109 610
112 306
1135 2678
1655 2282
994 2309
2225 583
661 344
2681 1449
341 1358
1743 1412
1779 2318
111 758
1965 1964
1758 1742
423 81
2642 358
388 1899
1750 1520
1776 1282
1120 2194
1014 1558
2675 2671
312 1610
2178 76
877 1176
1031 788
1483 754
1694 333
437 950
2492 111
74 2419
1716 1199
1780 1773
2553 1911
1146 1506
2310 1920
794 1160
1857 1701
678 377
2227 1269
1020 2667
236 138
1440 1701
237 2539
1750 1358
733 2303
705 429
1623 1251
1526 1224
1346 1670
1224 1919
95 2197
2439 1229
1345 353
2326 1142
1308 1254
2679 1257
766 316
2379 1107
24 1636
48 1662
644 728
1666 2381
2117 770
481 2291
1369 1530
2176 982
701 2062
1884 854
1229 657
1249 2558
507 1933
2094 109
1360 541
290 2359
154 819
1202 2336
1579 1183
1882 516
911 2376
1131 1133
693 763
1074 1675
2268 309
340 2463
1650 107
1986 1127
1346 109
1282 684
303 1670
306 2046
962 1665
335 1986
201 570
1787 1624
396 1217
14 2034
103 1790
2230 2296
626 2558
1834 1833
1871 417
1041 609
2034 1336
1273 722
954 677
1035 1801
1776 2078
310 1815
731 1279
1262 567
1950 1944
749 1333
109 563
987 1175
2252 1158
579 994
482 1814
1573 598
170 1067
466 1305
576 503
1389 1358
2020 55
1392 710
257 2180
1542 1413
1701 157
1742 1358
1620 1358
1448 505
2681 2683
306 1779
2428 2427
2396 2394
2004 180
897 1494
61 1309
2070 1377
661 807
1850 415
970 1358
978 998
525 2054
1064 2352
711 644
2320 1681
2671 2673
1327 495
1621 1192
1402 1919
2385 995
1135 2518
606 2360
2025 1583
1396 2109
1281 1746
822 1973
1487 2017
534 227
708 2216
1702 1971
1011 741
139 2045
103 1775
2381 1666
1287 1358
842 2016
148 2518
168 2437
2450 2113
2588 2114
46 1604
367 2451
1367 306
1484 2383
1332 436
318 1701
1775 350
280 1535
2515 246
2436 1507
59 1067
402 507
2034 1665
2198 751
1143 1618
1966 1234
1542 1935
622 886
2071 1435
831 2093
1740 268
687 1358
1592 779
1958 1884
1441 648
2224 583
454 581
2635 2634
2135 175
364 1306
1010 1966
2427 349
1957 1441
2078 1776
2347 544
1634 1349
22 1234
74 586
1141 2294
990 1542
1072 958
2582 1166
2016 2071
1269 890
2073 1602
2042 2039
835 1810
1997 2412
2288 610
366 1986
1908 1529
1887 1888
1358 1764
706 1240
2192 537
1819 1581
123 99
1013 1625
1358 1189
799 961
2361 606
1764 1358
791 180
1303 95
2434 2399
2667 2076
2507 1250
702 1368
266 2227
1535 2293
2155 1131
1415 370
2495 1130
1839 1204
1358 1757
1711 1765
1053 229
2398 1662
1710 372
2034 1270
1257 1135
2573 2570
2707 598
437 498
1819 1948
1620 359
2437 2438
108 1647
2616 1737
1004 1810
863 1590
2367 1271
1623 1779
1341 1224
1525 1914
1743 2113
2001 2121
55 1079
95 734
1943 1340
673 1986
1995 1986
1326 928
2694 431
657 2522
1543 739
1358 1751
1250 1173
598 2707
1481 2335
2196 1631
2045 236
949 523
2262 1143
483 2405
1487 1501
153 109
1203 1215
1774 1623
1986 1987
1351 262
1624 409
841 2034
1675 1676
186 2702
379 1959
2681 1390
1826 1409
792 1986
2523 867
1682 1012
1347 281
350 1623
1703 1970
2018 815
762 2448
638 783
20 2270
2080 487
577 870
525 456
1529 2350
344 2323
471 2013
1529 1266
598 845
1747 1358
2084 350
2466 533
128 2270
1421 1420
38 429
1358 1762
2172 1628
218 792
119 1549
2168 2083
1131 836
2143 303
1017 1475
628 1169
1358 68
2591 234
2220 2221
2319 1681
2162 2163
2081 484
2240 1443
1287 481
1701 1874
1771 306
827 324
2349 2346
2122 196
669 1086
1927 305
2303 45
989 2436
2176 4
279 32
790 171
1693 1524
2090 350
963 375
1912 2404
1427 860
37 1190
201 24
1124 1075
1981 490
1370 778
1726 2168
665 332
1325 2247
2357 1846
619 239
744 580
155 1763
1425 1015
1980 436
793 1896
2503 1038
1623 350
1810 1581
2130 912
757 2421
1003 2607
1224 1110
1933 507
1608 2126
1334 1941
778 779
1216 2446
1789 426
99 26
439 1169
1602 2054
1472 512
1526 1977
2405 1842
69 2189
1229 2441
263 1103
1623 1783
1527 1668
1092 1106
1358 1722
2121 33
1416 1468
1986 2005
1103 72
942 1952
141 2034
1558 1986
2306 1278
484 542
2083 957
1918 1914
2614 1599
88 851
836 519
467 1701
1759 493
147 1519
2579 1086
1767 1783
20 1072
2045 563
985 1073
1745 73
983 2130
1812 2034
1623 459
1869 1810
803 528
385 369
1906 1964
360 1824
1188 1187
1839 1655
1941 1542
31 1594
1413 812
1464 712
371 1414
2360 2027
153 459
1741 1358
2391 2390
1719 1358
868 1341
1908 1178
2596 1725
2352 577
576 2348
1413 1935
154 326
490 1879
2339 1191
472 1183
71 206
609 883
2129 2128
904 1312
2119 218
584 340
330 2123
817 1736
1042 1517
816 436
733 2035
950 437
1317 1306
598 1823
1074 1676
1708 873
1260 1559
302 350
1135 1071
2671 1206
107 541
261 1479
779 1973
871 1229
514 120
1054 1950
2015 88
2117 1846
2139 1636
686 1358
1097 470
18 2082
1984 438
1358 1305
2274 1441
1840 1013
1885 2644
813 2376
734 2056
8 1996
1013 1849
2450 389
722 1567
2311 2056
1732 1566
662 932
1868 1701
539 1616
1818 2306
610 2481
1301 2140
982 1091
73 1358
656 306
1716 1358
68 1986
1214 73
1952 2205
320 348
809 2228
503 2001
598 48
484 2081
1914 1675
507 1176
1257 492
406 505
1189 558
1516 1358
816 2282
1103 1718
890 1314
1798 958
1016 2176
2399 1443
1253 302
329 1798
1358 1755
2415 2413
1756 2642
1690 2112
702 2069
614 1475
2000 267
1623 139
2141 1636
1443 1350
506 1352
2356 2355
741 1282
798 1794
610 2288
172 512
2699 2630
845 316
2385 2103
2155 1203
1156 771
709 1896
310 1944
1388 2197
118 446
1243 1358
952 2546
1786 18
1952 942
1701 1864
1969 2236
541 904
2123 330
2058 635
74 1042
2353 577
1225 2579
2520 1428
1692 512
899 297
2199 456
1938 1937
332 2003
2269 392
1829 1902
2331 2144
403 464
472 448
1474 1908
910 2085
1119 2129
671 973
73 1035
338 1413
2194 324
1397 861
922 1307
2235 612
64 1737
306 2084
2117 1508
2385 2102
1770 2080
1851 693
970 466
794 429
2419 1848
1229 1358
321 269
2145 1512
1240 2237
2100 1184
1479 1701
1696 1713
1042 2333
2072 1395
1463 2132
2201 95
2248 837
1950 1432
965 839
251 253
1215 1894
1799 306
1948 1950
477 930
960 784
1478 1902
1973 1975
2166 1029
154 1754
1624 1788
2364 667
400 1354
2388 551
2388 1914
1607 1542
1358 1728
567 1262
574 576
1007 1742
1038 933
1583 1995
2539 2540
96 2217
2493 157
1988 396
874 1701
1674 1914
868 2099
1624 317
2517 941
449 1834
1640 36
1692 240
876 2168
1625 1309
1133 1131
1081 1050
1330 2068
88 1677
95 2074
2473 217
2500 722
643 1538
26 122
2508 1300
1554 2687
6 1042
1193 306
1614 2034
1154 1715
2031 903
1200 2207
744 223
1408 1826
2140 1301
391 2365
350 1782
179 1986
2004 316
271 1970
1400 886
1049 1432
754 1483
1671 2137
482 1812
1551 306
2236 805
2024 885
2032 1336
563 109
2126 1119
2525 2220
1527 2450
441 454
656 2090
2453 354
1441 50
143 316
2228 809
1692 2345
1192 1621
1577 1334
248 1264
2348 2001
1458 982
1283 1282
1701 1868
878 436
65 771
314 2000
86 1336
689 1721
2603 2602
1986 2000
893 911
615 59
1960 2491
1046 2336
1835 898
1679 2140
1123 1358
1794 1795
2395 1501
1160 2268
1334 1950
2069 2070
364 263
2335 2336
1874 2501
886 1400
1542 1340
2250 1138
1728 2257
2125 1273
889 1831
540 67
2394 1420
2283 1382
2446 2448
1362 1914
1190 1387
1169 748
2210 864
1483 704
2220 1317
1241 310
871 2652
2336 2335
718 437
812 1413
1079 210
371 1441
1304 1180
1115 470
1866 1701
389 1483
1613 1356
1973 504
132 479
1821 316
284 2222
1810 1809
973 1583
982 2175
446 118
1919 1402
655 306
2071 1566
1441 1700
490 2105
142 2049
2476 1169
2451 2391
910 1623
2080 655
1693 965
1224 2154
652 1
2280 279
1017 2472
76 88
1631 2196
1296 1911
1869 205
124 306
2122 2040
110 2279
1334 1701
481 823
2127 546
704 2113
384 1623
1566 2071
1376 1848
172 756
763 693
1542 1939
1047 2333
1560 18
1135 2671
402 1936
2638 447
450 1569
2515 936
2188 454
740 2033
1191 1558
1337 563
705 617
2045 1776
647 468
59 609
1399 1396
1718 2685
1526 868
1477 1098
2132 1163
704 1483
273 374
2224 2226
408 734
74 544
1070 1358
1781 2107
1920 2310
1358 1734
2504 137
1183 1824
1891 1889
609 534
1470 1070
84 2223
1879 1526
1745 1358
2651 59
455 2147
1519 1534
812 1542
1667 438
1730 1711
279 502
2394 2395
1666 1662
792 1488
2555 1728
584 2463
2124 1611
2405 1980
788 1952
867 2523
239 1909
2661 1318
2514 2515
636 2233
524 1169
90 1358
1148 2221
361 2681
1682 2319
1332 2024
1224 779
232 1986
2039 2034
1701 13
598 1107
428 996
1740 312
80 257
2499 1524
1782 2326
725 1652
696 88
2089 2085
596 496
331 2480
2094 2106
2365 391
1538 118
1483 1412
598 547
2574 1186
2383 299
404 1476
1410 1655
675 2356
2017 88
566 1907
145 213
308 1670
339 813
2317 25
1976 1973
1358 1620
86 2295
1914 1485
1810 1869
2455 122
200 2676
2498 1484
268 1740
1542 251
1711 1629
973 880
302 306
2080 1459
728 644
218 2091
210 164
470 1115
65 543
2045 1784
128 370
458 1555
973 630
1802 306
2045 341
1002 141
1618 1015
1119 870
1635 1158
697 1080
1115 2276
843 2339
1966 1569
1065 864
1936 1413
1609 1790
1847 1013
2034 1448
1169 1719
449 1280
2298 2297
435 733
703 1961
126 1551
167 2482
1465 1799
1358 1714
2562 1036
429 2041
694 2516
2075 2668
554 685
1531 1264
1120 1110
1931 507
1282 1735
2102 1912
1703 759
2226 2224
55 323
2229 601
2294 2155
659 1803
1636 2141
1085 2109
2518 381
59 1358
231 232
2189 454
1339 154
1810 1331
2405 483
854 1097
766 598
514 1978
1496 974
2326 878
188 1727
2265 984
482 790
877 1300
1042 373
2599 2555
758 2492
1784 2045
1909 211
109 236
963 43
27 2360
768 1566
541 1360
113 1884
88 1713
1701 1337
415 737
1422 837
1577 1542
224 1810
2305 2306
395 1147
1055 1577
1413 1363
139 103
1701 874
1130 2495
1810 1808
2346 2349
2501 1874
73 1214
2022 323
332 2615
2151 1224
1490 306
1973 1333
2306 2305
2034 141
2100 2101
33 1051
1894 229
1155 1229
848 228
565 1361
556 1805
2225 284
2179 440
1720 1317
9 2614
368 428
525 408
2134 1351
1632 364
577 849
306 1781
969 704
2706 1473
2279 110
831 1733
575 2283
1418 78
2249 1257
1952 1031
2154 1291
1377 2068
2464 1102
1675 1013
1701 231
32 518
1668 355
1358 580
729 1221
1911 2553
1469 2590
2451 2452
109 153
2246 2245
1013 1843
904 647
2685 1718
1096 411
1411 2218
1966 1964
1610 312
14 2075
1623 910
955 1482
2095 2145
1590 794
886 622
465 2304
1305 466
2612 1280
88 2394
2492 1169
2224 284
2093 741
2267 1395
845 766
1914 1676
1680 2576
1317 1739
638 924
1022 379
2095 135
1810 716
423 527
801 2516
2633 1563
1072 1797
953 2567
1721 228
1455 1537
441 671
2667 45
490 1131
2671 428
1739 53
82 1138
50 1441
2340 2339
756 885
1309 1882
1973 822
1773 638
2133 434
1173 353
2453 1839
645 1900
1103 1886
2182 95
218 781
1139 2054
1240 706
1719 1317
1808 962
2182 415
1433 1035
1127 745
113 540
1580 95
873 1708
1623 887
223 744
1628 2054
1959 119
2158 2157
1355 1957
1290 1213
1473 165
2238 2239
1722 1358
2457 2458
1927 1924
43 152
1748 1103
964 736
867 2439
1095 1986
109 1789
164 210
115 973
1983 2034
1666 48
789 1703
2099 2425
996 2518
2512 569
1810 1004
1094 1443
1309 2102
1066 1574
583 75
1508 1405
1358 1756
67 282
2331 2329
285 1999
1680 2056
778 1919
935 854
1451 194
490 1463
756 1469
651 2023
1055 899
1013 1403
1035 1740
679 1395
1986 391
875 1950
2178 1979
1953 1555
2120 442
2225 2222
2413 2415
1620 742
1291 1224
929 1358
2246 2247
1224 1341
1416 1922
1080 738
955 175
306 1251
2407 573
2155 2294
1701 1023
1258 452
431 2694
651 885
1634 1461
1759 569
1876 1986
837 2248
2216 421
1848 1013
1114 1717
350 2089
186 1319
1567 722
1331 310
1090 640
1653 1369
2664 1438
2155 2293
244 565
1482 1973
1143 2155
2003 185
1567 1654
1628 1139
1441 1954
1118 1042
111 1762
492 2673
151 2236
501 1765
1358 1760
1846 2357
1782 306
91 2380
454 2189
727 1386
2244 2243
2697 986
73 1751
382 191
1161 110
2054 1540
2040 2120
1617 748
963 805
1856 2045
71 2691
2230 606
1072 236
2425 2099
1889 1891
1654 1952
1013 908
1131 1215
2233 2291
1070 1167
2178 2024
2358 1469
1587 2154
616 1358
916 1026
479 1880
498 88
1533 726
1668 1527
1542 219
2064 327
2249 2248
293 2038
205 1869
1147 1865
1914 779
1104 2264
861 1397
1320 2684
671 451
1288 1309
1159 2534
2450 969
1796 2297
1941 507
643 1167
2613 1095
274 748
695 407
1919 1914
1428 2376
1165 1593
1986 566
1000 2543
2123 2003
426 109
2334 1725
41 596
218 482
2533 1201
325 787
783 638
1360 1904
2369 2367
269 8
1810 1817
1120 1583
1358 1711
119 1901
1596 2476
2358 1185
2355 2357
74 1118
594 663
1624 1705
861 2068
122 26
175 2135
963 1785
1013 334
1307 802
2152 2385
565 513
2329 397
867 657
2085 350
2227 266
2359 797
1635 763
1466 1041
2095 2329
1309 490
1221 981
358 2642
2390 2391
1983 55
651 55
927 1316
1510 2387
427 1528
1102 2465
1916 1535
2240 2399
1365 1702
2440 867
1583 1127
1670 303
2178 737
2678 1135
935 973
748 1732
1547 2169
657 1229
1154 1714
1007 526
991 307
1522 1697
1189 2359
2045 1791
763 1635
691 2034
1369 1653
2206 48
1462 1611
17 1316
672 2456
633 1866
167 2437
1160 794
94 1649
1790 695
301 1169
2034 791
1842 1203
112 487
2578 2360
1181 474
1214 1716
706 2645
1300 507
1093 1598
507 1931
88 1394
277 553
502 279
1725 1740
2679 1639
2146 2147
2673 1257
456 544
311 343
424 1203
1061 783
2471 48
1881 1958
2086 306
1358 1709
709 1903
544 1769
366 553
351 1810
1889 1892
1272 1950
951 1358
306 1797
1050 194
1542 1577
2371 2367
1256 982
2270 20
1333 749
1090 15
1342 1230
45 2667
1558 2340
973 2016
756 1472
344 661
1945 875
775 180
1674 891
118 2010
1701 633
1358 1646
665 576
132 904
1739 1750
1998 1781
1172 304
457 1201
1803 354
2045 1337
405 1275
1087 2434
1964 1966
1986 68
1372 1362
2080 1770
689 1317
819 650
1889 1890
2045 126
1692 503
2415 2597
2123 2380
701 129
2221 1148
334 1013
1957 1954
1061 2376
595 1256
1169 628
560 2526
1413 776
582 2548
657 867
1396 2395
2259 2337
443 1531
213 145
1080 2344
1900 2608
104 864
118 2112
1019 1457
1316 1679
1952 2204
1523 2449
704 2450
910 239
695 948
2246 2243
246 2515
364 732
1701 1875
1413 338
1174 162
1986 1709
1051 33
695 1336
1711 1731
1978 514
2663 1605
229 1405
2163 1348
1775 484
1040 1169
1358 853
1623 102
434 2133
1926 2189
2183 95
1353 97
1508 1894
2213 421
1390 856
723 2614
246 1687
1098 2066
1104 725
798 1793
1979 436
306 887
1560 1623
893 638
1894 2118
2034 2039
359 389
1006 1302
298 1325
2071 1592
749 274
2583 247
866 1049
1307 804
55 2020
1257 2248
88 498
2312 1333
2350 1417
341 613
2085 2089
2017 2467
1756 650
51 2215
2129 1111
1015 1068
2153 1224
1097 857
623 584
863 1160
2300 1196
2676 200
359 1620
416 1701
1737 64
888 1556
2074 1602
55 1156
2136 1121
2357 2356
596 992
1343 2316
695 1682
1281 1748
2207 1200
2688 2687
310 1581
1957 2241
1416 572
324 827
1070 1829
1135 1257
788 2033
1115 203
146 2059
1729 1358
1379 2564
2319 1682
133 2082
833 2036
283 1559
138 306
733 794
309 2268
1502 1200
176 973
1214 1199
270 279
1419 2259
433 756
758 1358
775 171
228 848
2250 283
849 2351
364 1358
1040 1317
487 426
1185 1992
613 1358
1952 1951
814 2383
2612 1516
2130 983
2107 1505
2370 2367
2083 1483
306 452
1729 1625
2 332
738 1080
872 1542
902 1604
1554 1657
1940 1542
279 2344
558 1189
161 842
1507 446
1818 733
1049 1894
2180 2183
2000 1986
2629 692
2223 75
1804 1740
103 139
257 964
176 231
2196 2181
1733 1358
466 1738
831 136
2416 1152
88 841
2418 1293
2073 901
833 2595
1329 994
144 145
1924 942
608 191
997 182
1136 1189
364 970
1477 2067
1810 224
231 179
2241 2207
729 669
2420 640
1390 2681
16 1632
1658 2018
1309 2178
1276 1022
698 286
1102 1207
2295 1655
1776 1283
226 1701
887 306
565 1038
1351 907
1354 1183
2242 2241
1906 1703
625 1024
1746 1281
1780 139
325 1848
2356 2357
2249 2671
1530 2464
1413 1936
1978 478
1920 1926
839 2277
1416 305
855 811
1558 2339
1200 2414
2394 724
1692 172
1409 1827
1262 564
1903 1902
153 2045
2434 375
927 2140
444 488
2569 380
1902 1360
1221 729
817 1763
420 1869
2448 609
1919 778
2531 1026
711 1285
1045 109
555 1463
2160 1647
814 893
2203 2511
2270 128
2572 2570
599 1271
963 1141
505 406
1068 1015
1773 1780
1096 1633
1201 457
1883 661
2077 486
1413 1931
1973 666
702 1637
1042 901
800 820
431 2695
1309 1288
1367 980
965 964
1158 121
659 354
548 843
1340 1943
1986 71
156 155
21 2310
1792 581
476 306
2309 461
2607 1003
374 273
1174 88
2133 2054
306 294
969 1743
298 1095
2527 540
2177 644
549 1497
577 2352
1820 1810
389 704
2442 2614
1588 2333
137 135
443 1264
1811 1810
1735 1358
1580 456
86 429
2393 368
1623 1778
645 891
1798 1072
2600 832
94 2490
105 59
728 2553
973 252
2534 2535
1134 2296
1722 312
1611 2124
1180 1304
449 73
461 1203
444 2290
1047 1588
447 56
1542 1177
944 2138
1986 1558
1810 1811
935 1873
733 2008
457 2216
1770 306
1413 1934
1426 760
2197 95
1678 1746
1223 568
429 86
1462 1235
650 1685
519 598
2439 2530
1454 2
1311 468
1277 755
242 1131
534 609
1199 881
61 2162
1421 1085
440 1296
2029 1579
103 306
733 678
1602 6
445 909
938 2230
2671 1533
1361 565
1224 2153
1725 1427
2585 1706
2016 88
66 2631
2358 631
1958 1881
1608 546
306 350
663 2195
2181 525
850 712
1889 429
962 1807
507 1940
456 2347
122 2454
2191 387
911 33
2120 2637
734 1841
118 2030
1986 2
2475 2344
2045 699
1914 1362
681 1171
1778 1367
1907 674
2378 2001
1829 1826
2535 2534
1042 1125
284 2225
1810 1299
1639 1688
2040 33
2110 2109
1560 505
2041 2034
441 2094
1770 1623
1085 1421
2592 793
1908 415
1609 1791
525 423
1925 1416
60 55
1325 298
1483 1735
714 1385
2564 1380
1209 1737
496 992
269 2551
733 862
2394 88
1311 2080
2137 1487
1169 2492
1954 590
1517 1042
1986 745
2458 499
1893 920
1927 1928
1577 1055
1862 926
2011 25
1742 2307
2128 1119
2520 1429
410 676
1358 1744
1819 1810
2101 2100
1224 586
2654 403
1143 2376
271 2387
1761 1358
1229 1308
1441 1060
2183 525
1527 860
1507 118
1042 2073
2446 1427
598 143
2423 2151
1623 980
673 1907
888 1475
689 1292
1878 661
1780 1624
350 306
1914 2388
2291 1265
2095 2504
1226 1955
989 2285
1739 616
2304 2385
885 756
836 1131
2224 2223
177 2682
1818 2305
970 16
2282 2164
1998 1197
1888 1103
2248 348
1828 1827
850 2278
1572 306
726 1533
1013 1729
1483 389
1221 1577
553 366
645 1267
1827 1553
1842 2405
109 426
2204 1951
831 1358
2049 142
676 2235
2601 1488
591 642
1585 1653
752 957
657 871
2076 2667
200 1439
538 1286
2454 122
1317 2221
2305 1909
2359 1834
1416 1923
651 2156
1102 515
299 1484
444 2289
835 1654
1089 1088
392 2269
95 2200
2401 2434
1740 915
1472 1692
2276 1844
930 477
627 2335
2187 756
712 850
364 154
304 1172
642 591
2409 1057
615 2443
315 1921
924 808
2528 826
1710 687
1914 955
2526 585
2452 2685
318 563
1623 608
735 739
2058 1378
55 787
2555 961
308 1253
306 1009
814 2382
570 2430
514 1314
1984 1529
483 816
1859 1986
1869 203
2186 1692
573 643
2309 1043
1739 1766
1810 1121
1234 22
644 711
2248 1135
142 1628
1779 109
387 519
1761 1256
1957 1355
2155 586
1115 1529
547 1701
1003 1687
1247 1679
1348 2605
329 306
1825 472
2034 1891
1711 1730
218 1382
2125 1111
1351 1972
1796 1794
95 1838
1317 2220
190 2135
1810 1819
2254 1146
1968 1703
1340 872
1358 1718
55 815
1358 1726
1999 1986
1358 1070
1103 1520
1701 1479
1740 657
1336 2032
2294 1141
1702 1234
1736 1763
2464 515
27 1810
788 2041
1354 371
1739 2221
2003 1986
17 1315
2499 1117
544 2199
1367 1656
1842 1979
1416 1926
2216 457
2146 509
1154 2514
1235 2577
1432 1049
2308 159
1417 529
1813 1424
1623 1561
240 1472
1618 429
1464 1683
1131 2282
2128 2129
894 640
2083 1685
945 1512
2407 1313
704 969
1239 2611
1848 1652
2172 52
2279 565
2080 608
2198 964
1309 1677
465 349
2052 74
1462 1119
881 1155
1709 1986
52 2053
2238 22
1409 360
1520 1750
2597 1734
2266 2364
580 1758
1936 1542
2336 1046
1786 1564
588 442
1483 1726
303 2143
1661 1013
1179 410
2163 1073
1712 1725
230 577
344 854
1421 1396
2388 1377
1415 392
1662 1666
2030 2112
598 1636
963 258
1952 622
2266 2267
998 1103
1645 989
2096 1009
254 1211
1763 817
1995 553
2530 2439
371 1553
2109 1975
486 2668
485 1042
155 90
1002 2034
885 1039
228 1358
1420 2396
1064 394
1067 1830
2097 79
276 1463
2652 2439
507 1936
1741 1309
895 1296
2075 2091
1507 1645
2110 1975
296 2685
2267 2266
1192 1062
1131 510
310 1949
2211 1065
92 898
621 249
897 1410
251 812
438 1984
1853 1701
948 1682
510 1131
2232 2182
1048 462
1868 766
1095 1325
1370 1525
2679 2682
1701 1852
2599 1728
1358 1284
1701 216
1495 437
113 747
43 2399
1340 1542
480 1710
5 1659
1943 1542
2347 456
1142 2326
1905 1914
2598 329
102 1448
1735 1282
2243 2246
1908 1677
1986 2002
2105 517
1701 1636
565 2279
1240 789
893 814
1986 1990
1094 1653
2510 1899
173 1586
1303 2163
239 65
1339 1358
921 2134
45 2303
818 415
596 1914
2556 626
924 638
1497 549
2484 385
1960 1904
2079 1802
1536 1228
480 2359
297 201
1899 2491
1003 363
2088 306
2141 24
2021 239
699 2327
836 1343
1358 2597
736 964
404 1170
2184 441
5 2546
2130 2249
1002 1952
736 1388
1488 1465
739 1881
1526 1879
1358 1499
1588 1047
1360 647
2388 728
1542 1943
800 1834
306 476
376 672
2432 2431
451 2285
1398 1528
2094 2086
1977 1526
141 1002
2264 1104
1202 2376
1167 1070
2082 18
1931 1542
1419 2260
1522 2680
1531 248
1915 1914
562 1735
1808 579
2423 279
2671 2249
917 2639
687 290
1765 501
2175 4
1022 1168
2185 1500
2148 1101
1131 490
298 607
281 2247
2270 1354
820 800
1674 2608
1933 1300
1038 1358
51 2213
65 1628
2115 386
2156 651
1941 1334
2547 488
2081 1705
1798 1782
466 1358
1860 1701
487 112
1954 1441
241 1441
1602 2072
696 277
1869 1097
415 851
1207 2464
1778 1623
1498 1469
316 2004
401 54
1569 1050
519 416
646 119
2315 1344
268 2451
928 1326
1809 1810
1995 745
341 2045
764 796
667 2364
81 2180
1624 1787
2545 10
1927 1218
2701 44
2507 2221
2024 1332
2480 712
482 2308
2215 1724
295 1176
495 1327
2323 344
88 1741
580 1742
2689 2459
2463 340
1812 2550
833 207
748 2553
2147 658
756 433
1182 1579
1103 1358
2454 26
825 1765
1778 1624
2444 1710
447 1849
1015 698
2557 1610
2396 1420
2394 1421
2015 1309
1117 80
2483 2484
2020 323
1103 998
2286 1901
1980 1979
71 1986
94 2263
1661 454
381 148
1681 1012
1256 2175
2086 1505
1177 877
88 1847
2624 2701
2623 946
684 1282
1364 40
2034 2035
1408 1828
1779 1623
1309 995
1012 1682
2034 2036
736 95
1256 1091
1224 1222
2287 2288
1769 1623
2525 154
645 950
1616 581
2270 2269
961 799
1297 766
1949 310
95 693
1720 1358
1356 1613
1327 1328
2147 2146
2364 2266
1166 1986
2336 1202
1264 248
127 2604
1945 1944
191 1677
883 227
1542 1941
628 1764
1008 1922
558 1706
1799 1465
800 797
2380 2001
1441 454
2582 1862
1113 107
114 2288
2217 2164
1758 464
1739 1886
1222 925
2309 1021
1490 2085
1567 2500
306 573
1789 109
901 2186
1701 699
1948 310
1412 704
1907 146
2285 451
2165 1343
1735 2324
175 2217
1542 1176
1072 189
1572 236
1296 728
424 436
1370 2274
1325 1095
1756 364
154 1444
1381 798
1731 1755
1538 1842
1611 1462
2138 548
2440 657
2045 1787
1848 325
2112 2436
2649 2457
2176 1382
1810 1348
1207 2290
2176 1256
2698 1400
1483 742
239 1069
253 251
603 1821
2349 1185
434 1693
2220 1148
1062 962
567 631
1099 1607
2688 1554
851 88
2 1986
407 1682
981 1159
487 1772
243 473
256 756
1495 93
509 1101
1701 318
1701 205
1821 603
2223 84
1229 2439
429 2001
640 1090
306 487
306 1804
109 519
1864 232
1010 443
998 1284
875 310
1695 1463
2336 1428
2671 726
1569 1966
343 311
170 1358
1772 487
771 65
779 778
1351 69
1542 776
1871 102
1806 1809
1257 996
1008 2575
2001 574
49 2034
1257 688
47 163
734 1006
1431 998
1051 2122
140 582
1964 463
1471 1646
1862 1701
1874 722
210 1671
94 586
104 401
1763 1736
1985 437
236 306
2367 2177
1876 1701
2147 1664
2026 2045
1601 1750
2072 1602
2137 1394
2317 1403
692 2629
835 1134
2268 733
1877 1701
2071 2016
2270 1414
1050 1320
1477 1542
2450 1077
1892 1580
1300 1940
73 449
580 59
16 970
909 445
2047 2045
221 817
1824 645
2543 269
239 2021
2146 374
812 251
1238 1358
738 30
729 1701
1593 144
713 1044
2291 715
290 328
2205 1952
1119 2125
2239 2238
1623 1767
487 1773
1533 2671
834 2168
2492 301
1322 63
1882 88
36 1552
1343 1507
796 1358
281 2244
1814 482
1185 2349
2472 1017
2479 1236
368 2249
369 2484
1756 1632
1664 607
114 2506
1013 1661
1173 202
1043 21
2185 1133
1344 1928
1550 748
1900 645
776 1542
1031 1952
464 2444
1986 1997
1977 436
2442 867
938 2027
299 2498
436 1039
1549 2286
870 2126
999 346
2035 2034
1534 1519
1698 2160
2040 2122
1651 2045
1199 859
1412 1735
1824 448
1909 1848
1303 979
1623 1769
2078 836
429 2043
1469 1692
2023 2217
2538 2518
722 1874
1745 1486
618 938
454 2022
2538 381
1042 1481
1815 1950
518 32
306 656
287 2705
751 2198
2199 95
1986 1991
1914 1917
305 1416
1962 1963
2285 989
1776 960
586 2155
409 1681
429 196
2405 1979
819 1358
2156 2024
847 2189
976 998
2163 1502
1769 544
503 576
1992 1185
347 525
306 554
706 2238
2458 2457
464 403
353 1173
1621 1424
318 2045
2367 395
2068 1377
819 1606
315 1602
442 627
2001 2378
585 2526
1677 191
1812 1810
2041 429
1368 2553
1632 1756
417 1072
645 1898
1792 2485
468 647
202 353
1314 514
809 548
900 639
1296 1912
1486 1745
379 132
2308 2559
645 1495
30 2162
1973 779
286 33
1119 2127
1178 1984
156 817
595 2176
2435 2401
1804 2451
643 2407
2141 2142
2433 1233
1396 1399
2073 1042
867 1252
267 670
702 822
1402 1163
2450 1620
2368 2370
696 571
1251 306
4 2175
1510 1162
2491 1960
2647 1686
756 2187
1993 849
743 1239
2054 1628
1666 606
748 1169
2144 2145
1542 1301
1225 1450
2339 1558
398 2177
1358 1717
2092 109
94 675
2369 2370
1956 1954
1169 1731
2045 2046
2251 2252
1955 1956
836 708
2451 2392
2673 2671
1628 95
1637 1973
856 2248
659 77
33 2120
290 1765
1655 1894
1227 1269
1272 1945
447 2638
1728 1358
1857 304
607 298
389 2450
1443 1094
472 264
1015 1481
621 1978
1789 1618
1563 2633
904 541
1093 1090
2450 562
1927 738
1060 1441
160 553
1851 1661
1070 1725
1733 1072
1143 1015
1185 278
2051 1042
1687 1003
1723 565
976 1431
816 483
1416 1925
36 1640
1358 1759
347 408
2704 641
686 2366
963 1703
1012 1336
1080 149
1701 1323
1213 607
1677 1908
330 1505
1077 1483
2132 1482
1282 1776
1358 1720
282 747
2482 167
1830 1067
1131 242
2282 1131
722 1273
2490 2263
1646 1471
1084 1213
545 422
2147 2486
1642 2657
500 2241
1628 2055
2132 1463
885 2024
1382 281
795 1810
1201 2533
37 60
135 137
964 734
626 372
483 436
788 2205
657 2440
1681 407
1800 476
1158 2252
126 1623
1996 2063
1570 571
2564 1379
2200 1580
1408 1553
1498 2025
1103 1748
108 2209
1875 598
1368 702
1425 1618
2592 1903
2034 1968
2476 1721
289 1722
1970 1703
2291 733
518 1373
228 322
304 279
1358 1741
1273 2129
415 1527
614 2470
1894 2034
1795 828
745 160
429 2044
1743 389
2211 2356
1013 2045
1986 968
1986 1996
507 219
1483 2113
1265 733
1202 1428
1335 1856
860 1527
2637 2120
794 1590
1731 1711
149 1655
1802 2079
201 1701
2182 239
1957 2630
1701 784
2486 2147
1041 1466
1967 1703
457 51
603 79
297 185
1926 2052
1169 111
1006 736
1025 1042
583 284
864 104
1042 1926
1072 1800
1358 1750
1925 2620
1219 45
1982 436
1122 458
1840 1377
1530 2240
1940 402
2395 1396
1184 1190
95 861
2213 51
1682 2189
1701 1861
2530 936
1358 1149
823 1169
731 901
2558 1249
1989 1986
17 927
1612 764
2365 970
119 646
769 1927
1263 1407
15 1093
2233 636
1552 36
1713 88
133 1777
1717 1114
2117 2115
360 1409
2001 503
1072 1801
1266 1984
1623 581
736 1841
356 2116
61 2312
670 2606
1498 2590
429 1889
735 1881
1486 650
644 596
1475 888
1448 2034
251 1413
791 2034
2335 1474
817 221
610 114
2414 2413
310 1950
2310 21
132 1022
933 534
2537 117
1627 59
2472 591
1919 779
1121 1655
1867 1701
1339 1753
2253 1697
2426 2425
1103 263
767 2314
2218 1411
1941 1300
174 1358
1994 169
718 1416
1810 790
1950 1947
1869 1701
1716 1214
1776 1735
2043 2406
1044 713
1176 877
1196 1367
55 771
1555 1953
1224 1370
1606 364
1865 1147
2109 2110
2131 2133
732 296
1469 2358
1388 736
695 1681
73 1723
1023 2568
2392 1740
921 1914
2313 1708
2685 2452
990 1054
1839 2453
91 2123
1663 2577
1986 519
2339 843
1718 1358
112 2080
249 621
230 1810
1430 1718
2518 148
1814 1810
258 1240
2027 2025
447 1616
1616 412
470 1097
374 413
476 1800
719 1810
755 2071
716 2409
481 1287
22 1702
1505 773
450 2538
1765 1719
1986 460
2425 1526
427 565
1451 2564
338 1542
1704 2077
1538 643
1925 1042
2280 270
1358 1209
1529 1417
1146 36
423 315
2172 1467
2045 306
2377 372
2662 12
148 378
1388 257
2522 2656
2228 2394
1510 1046
1793 798
1826 1824
2108 1519
2069 702
2089 306
2515 2514
996 428
997 1837
2341 780
762 859
1679 1247
368 1545
1634 1050
2062 735
1443 2645
194 1050
2159 2160
284 2224
1273 2034
869 1701
2083 505
1542 1477
957 1154
236 1072
1409 1826
2494 417
1920 2653
1358 797
279 838
1987 2004
984 2265
578 1105
1701 1820
836 1572
2130 1889
869 232
239 1274
2235 1955
982 2176
399 1089
1894 1508
2701 2624
399 1769
2199 901
1936 507
51 1392
1740 2392
514 478
1120 2025
1022 1962
1473 598
1015 1788
369 385
1099 1577
2275 1128
691 2130
1020 2077
519 1986
94 733
2011 733
856 1390
541 1896
175 2388
1768 2325
2387 299
1358 1743
162 323
1745 1589
568 1810
2390 1740
1735 1412
306 719
617 705
2323 1444
2205 48
2576 1680
357 1154
1233 2433
756 172
2127 1119
2008 1986
44 2624
1752 154
2288 114
118 581
1782 1798
2112 1690
1149 985
393 739
2243 1107
13 1701
1410 1121
59 105
525 347
2090 306
1998 695
588 2383
458 1953
1007 2466
900 811
1534 911
2182 1838
642 2472
706 805
2248 1255
1110 2295
119 379
69 1926
1513 567
1939 1542
985 1149
804 1307
2165 279
764 1612
1214 1745
754 1358
1220 239
764 1358
2108 693
1766 1358
733 94
97 661
2016 2010
2474 243
525 2183
429 1669
356 211
306 236
505 2083
2477 2006
2076 2077
1072 945
1810 1812
1623 112
2385 2304
2215 457
1788 1505
1257 2673
1269 1880
868 1195
2356 2211
1546 1804
2247 2246
2182 2233
95 1628
2597 2415
1842 1655
1501 2228
2556 1249
89 1087
2227 634
1976 502
1623 1773
2348 576
1961 703
1777 133
1954 2275
1765 1492
1772 2045
1139 2182
1833 797
580 1358
84 75
733 2304
968 598
961 2599
180 159
741 1088
628 1725
1682 407
2030 903
2247 2543
2299 2297
1050 2563
784 1701
2307 1067
1077 2450
1693 1391
1520 83
2113 1743
933 1038
1358 1710
1703 1365
2534 729
735 1958
2034 86
939 2173
1625 1013
160 277
1614 210
1655 149
687 173
1045 306
2628 67
426 1789
1641 637
1848 1224
1034 721
1015 1618
24 1701
394 2351
119 1537
1464 1482
811 855
149 1416
494 2614
1824 1470
56 1849
1224 2152
449 2581
441 193
885 436
2663 1432
33 2121
2144 2329
2597 1725
515 444
347 81
1866 633
1358 1738
220 376
1665 1701
1787 2045
1358 1471
1338 1309
2016 973
1013 1521
1956 1226
661 1879
1701 1665
102 2256
324 2194
1303 746
2155 749
943 1196
2048 2045
1331 1810
2472 642
84 2226
1015 1425
1804 1546
2112 255
2516 2517
306 138
2076 180
1093 599
657 357
1080 61
2160 2161
1147 1598
1216 1067
348 1643
213 2192
442 286
88 696
2277 839
1505 2107
1318 2661
529 2260
2674 2675
89 1530
401 1160
1315 1301
1986 1023
688 492
2405 816
649 1171
577 2351
1975 1676
584 623
2274 1527
2297 2299
1366 1194
2347 1692
1373 848
657 1254
1710 480
86 2034
2037 2034
1033 2168
964 2198
2360 606
1660 2154
1652 1848
2371 1147
801 1470
2059 1435
558 876
478 514
2157 2160
2045 1772
2013 471
2365 616
586 1218
1221 1607
698 442
2553 728
798 1381
701 739
93 2151
2182 2231
60 37
2041 48
506 1013
1916 1914
1765 1358
279 242
1951 2204
189 1072
2523 657
251 507
644 2177
2451 2390
310 1946
1833 1035
2003 2001
1543 2029
963 706
1589 101
748 1617
2034 49
1002 2033
17 24
2214 2216
2274 1370
306 1072
65 1156
136 831
306 1798
503 1692
807 1956
145 537
1636 1701
48 2041
2519 2509
2585 558
2083 650
441 129
371 720
2022 2190
1162 1510
1328 1327
1184 2100
109 1787
370 1414
894 2367
1063 577
2358 2349
1248 1651
1529 1908
75 2224
2031 2436
2383 1635
567 1513
210 1614
1326 2063
2018 1658
2019 973
2351 1064
1741 88
1463 555
1624 109
1564 1772
745 1995
2195 1333
973 176
1316 17
139 306
306 1802
1954 1957
1753 1358
2122 91
2272 1441
526 565
114 610
1801 2203
1123 1103
2026 2025
1273 1119
297 899
973 682
963 1443
1043 2309
81 347
402 1542
1343 836
2292 2231
1542 1936
1501 1399
1336 695
1896 541
876 558
180 775
1896 793
733 1818
1252 2656
2334 174
1388 964
2189 69
1358 1550
506 1918
1040 1358
2680 1522
2464 2289
385 2484
2577 1235
1688 1639
2520 1484
139 1623
1780 1623
2370 2368
1358 228
1664 785
2112 2030
1358 823
2238 1702
695 2319
1293 1013
2656 1252
1358 1599
604 2109
2168 2169
1765 823
2269 2270
183 1837
1640 350
2197 736
1566 1895
530 1013
1810 1095
2143 1777
36 1146
1875 1986
2366 686
2248 856
2494 2495
1401 1585
1899 1902
1483 969
1844 868
687 1546
2394 471
88 1732
111 1358
180 2037
2001 1986
1121 1410
2385 2152
923 620
596 175
306 2045
1810 230
1610 2557
2376 783
2295 897
1593 213
217 243
1013 1848
1023 1701
162 1174
741 831
1056 2482
171 790
548 1937
458 1276
1013 1842
893 1051
598 1864
1692 291
1630 1269
1413 1932
244 1358
1826 645
1189 1358
75 583
234 2591
2647 473
2593 1741
1569 450
1446 1445
1307 922
1325 327
181 1464
1901 2284
1205 1761
1817 733
1384 1358
316 766
2394 1027
1214 1499
502 1976
1243 1041
1483 1620
328 951
2506 114
2668 14
373 6
1507 2436
2220 2525
1622 124
5 1629
1197 1791
472 559
2091 2075
1403 1013
963 2400
1195 868
2090 656
1703 789
2356 675
2010 2016
1544 1378
2045 1448
657 1740
2155 539
1158 302
527 81
73 558
215 2045
627 2122
462 1048
26 2454
429 1618
1158 814
1855 1701
2163 2162
1944 336
1432 1054
2401 2435
895 35
1358 902
1936 1932
2248 1461
1955 807
581 1792
2677 956
2287 826
1056 167
742 1483
2503 616
2034 617
1305 1358
638 893
1387 1190
2236 2237
306 973
1503 2243
1196 1061
853 1358
2221 2220
1377 2069
142 2181
1408 1829
2238 706
1628 65
537 1165
471 2394
2237 2238
2123 2122
1553 1409
2209 1504
1800 852
2493 2471
306 1483
1701 1857
2645 29
897 1156
1901 1549
1773 1045
429 705
88 2017
1358 1123
563 1337
294 2047
2614 2442
109 2093
1929 1927
2401 375
17 2140
1917 2457
74 2155
210 1626
1524 2499
2045 2026
1776 2045
250 2429
567 536
1015 2262
734 2202
2106 36
403 1742
1676 1074
1018 2378
797 2359
2130 430
2074 2277
1962 1022
1729 1568
1635 1628
1169 1720
1824 1267
77 1803
1283 2324
36 1505
109 1769
2501 1321
753 1880
2392 2451
1849 1914
2596 1589
826 2528
1663 1462
271 638
851 1309
1358 819
1158 589
1760 1103
1358 796
1507 1343
1825 1183
2157 2159
887 1623
995 1309
1316 1301
1973 1683
905 1483
2212 1392
1518 577
542 484
1692 2349
217 2473
793 1902
304 1857
1740 1358
281 101
2080 306
249 1884
2122 2121
2075 14
118 388
1989 460
239 887
1689 156
1712 1358
20 2374
1743 704
1825 392
2259 1419
2190 2022
2478 124
1016 561
1158 2251
906 577
2102 2385
728 1070
1358 154
2231 2182
2509 1365
1966 946
1828 1409
89 1094
582 444
2169 2168
2114 2509
43 1653
181 1013
1358 1765
1623 384
2435 375
1950 336
2250 1260
1609 1912
16 2444
2652 871
697 30
2360 27
1751 1426
1358 246
1103 1887
1288 88
504 2394
1151 2700
32 279
417 306
2055 2198
1405 229
1912 1704
2034 1807
1379 1380
2284 2285
1363 507
399 2107
1429 1534
1886 1739
1702 463
305 1927
1373 1003
2476 2651
1359 1914
1681 2318
1421 2394
1134 579
1095 298
687 1725
2143 1367
2662 1001
529 1417
1101 2148
131 834
12 1318
1182 1183
1599 1199
834 876
1358 174
406 134
2290 1102
1931 1413
185 2003
1331 1576
484 1367
1570 743
374 2146
1348 2163
2410 2411
598 201
1082 1534
2268 383
2071 725
33 588
572 1416
432 1442
282 67
1330 1204
1444 154
1851 2485
1803 77
1282 1283
1942 875
1729 1013
306 2086
2122 665
519 109
2451 1801
87 842
1244 493
487 306
88 1882
1964 248
863 429
478 1978
1624 1786
703 801
1399 2309
432 1597
2648 2473
70 441
1733 831
1979 1842
2481 840
444 828
967 2659
2195 663
1981 436
350 2090
1869 465
2127 2124
1745 1725
823 2221
1623 126
1710 2444
901 1279
354 659
510 1013
1336 86
1945 1947
2155 74
513 1528
563 2045
392 720
1812 1986
1016 1256
733 759
828 1795
1753 1339
2005 1986
1575 473
1103 1284
1687 28
1538 747
1109 2675
1214 337
1525 1224
1701 1860
733 1682
2459 2689
1608 2489
641 2704
454 2190
211 1909
1257 2678
2080 112
1388 734
1524 1693
1136 2359
2034 1002
661 1883
553 1995
992 496
44 2701
761 1401
156 90
1913 35
1552 1778
1605 1054
1351 2134
1922 1008
2292 2291
1500 1133
2395 2228
2485 2050
1552 2591
1131 1121
1079 1218
1176 1935
2140 17
682 973
2594 2680
1618 1143
851 2018
1038 2503
1483 306
1463 1695
1963 1962
229 1053
1628 2053
2014 88
1482 955
1914 69
796 764
1112 954
1703 1969
1196 943
953 2566
72 1103
95 456
2223 284
1358 1746
1725 1712
1359 181
2485 1851
306 1782
1986 2004
1147 2367
2125 2126
2155 1152
179 231
2367 1090
1851 118
1935 877
2263 2490
2565 2566
1394 2137
436 668
112 1623
1229 1384
1851 1013
1577 1054
2045 1013
1139 1628
152 2238
371 1354
711 539
1291 1660
1647 108
415 1644
470 652
306 1770
2147 455
1512 2145
1890 1889
1708 1857
2178 88
1834 800
1389 2597
2359 1175
1903 2592
1012 695
95 334
904 379
2171 2170
2503 2445
1910 121
191 608
1441 1958
1053 1405
1358 1281
415 818
1013 1644
1117 434
1557 2083
2077 2075
2552 2306
1692 1514
132 1959
903 446
2436 989
442 698
1666 2
1470 1824
997 183
604 1652
1701 1453
1710 1358
1623 1780
1403 2317
1354 2270
2468 2467
2446 2447
2309 210
2035 1324
493 1759
1831 889
2192 144
1148 2220
155 1736
563 318
341 1389
395 2367
1969 1703
1358 1731
51 710
270 2280
511 1810
1754 1752
2349 1692
306 1799
733 2268
2596 1745
877 1413
285 502
261 873
1968 1671
869 1440
2133 276
1616 56
366 1583
1402 1972
1986 1870
2027 1239
710 1392
1542 338
2653 865
1405 1053
73 1136
2444 1742
604 1351
1755 1358
2075 2077
2324 1282
461 2309
1203 2155
544 399
1914 1915
2423 518
364 819
1154 1007
1846 1701
1662 48
516 1882
1986 1434
69 1914
2063 928
1628 142
88 162
2003 332
1061 1196
1483 562
1094 1369
1239 2027
1920 1914
306 1367
384 1624
107 1650
2476 524
473 243
1358 951
781 218
1703 463
1016 595
720 371
372 1834
1623 1774
1115 809
277 160
1856 2096
296 732
1616 1402
466 2546
396 1988
1765 2492
1492 1765
1298 2703
2098 2097
1265 377
2021 2418
2443 1742
1358 34
381 2518
945 1911
1755 1731
352 1944
1255 2248
2164 2282
117 259
901 2073
375 2401
2536 1307
2189 1926
1098 1477
1761 223
2605 1348
911 893
1908 88
1395 2189
507 1211
1655 1839
979 1303
426 1777
674 1907
2193 2194
1072 1805
1761 1721
1986 1876
742 1620
2528 1226
622 1952
2083 1550
2382 1158
690 311
137 2504
1541 1005
616 2365
412 1849
1282 741
580 1765
802 1307
581 118
1499 1214
1286 538
429 523
513 565
1510 1202
1358 1763
2077 1704
2418 57
357 657
1877 2573
1085 2110
1290 212
1727 188
1747 1148
1528 513
1304 505
2423 304
2291 2292
833 1130
903 2030
1763 1358
1380 1050
1572 1776
2449 1523
175 955
2075 775
2480 331
2659 967
1185 2589
815 2018
2182 2172
1875 1701
387 231
52 1467
1358 1546
1159 981
2276 1115
38 862
2484 369
479 132
1958 735
1558 1014
128 392
702 779
1797 1072
941 2517
1358 978
2386 885
2221 2507
1704 383
1627 1229
1975 2110
378 148
482 1810
1475 1017
1577 1221
2001 2380
1164 1287
2517 2516
1358 1748
118 454
1337 2045
2451 1804
862 38
1526 2099
1358 1565
591 2472
1701 664
1579 559
1195 279
480 2372
2706 169
735 1237
1718 1103
436 1131
1863 1701
552 524
1937 1938
2646 194
1914 1464
1926 1920
1026 2034
2280 1131
871 657
428 2671
1720 1169
234 610
1159 729
2291 481
2486 455
1467 2172
2367 765
2013 88
606 2230
2162 30
633 1701
155 156
1980 816
216 1542
2142 2141
1358 111
2508 1941
95 2181
1701 1869
426 1772
1144 1623
1776 1499
1269 1630
109 1045
158 180
1072 773
712 2480
2187 1692
544 74
525 415
1119 2124
1984 1266
1049 866
1816 829
570 201
695 1790
306 2085
436 483
1358 101
2424 1839
42 1372
1529 1984
2398 2493
397 879
1097 1115
1358 1754
1542 1931
2056 1628
75 2223
354 2453
792 2555
1284 757
2054 1139
1385 2335
907 1916
1810 1576
1870 598
2652 357
1318 12
2276 868
507 1363
1013 1840
448 472
1618 1425
2034 224
316 1821
815 88
41 644
1647 1504
1194 2670
2324 1776
438 787
1994 1986
1735 1483
1292 689
1358 684
460 1986
661 1884
963 1094
702 777
2614 723
1675 1914
2539 237
487 2080
2609 2601
93 1495
914 150
2447 1037
2238 151
1484 2498
2096 2026
1758 1358
885 2386
1945 310
2224 75
1042 74
1262 1509
2021 55
2186 901
1983 438
135 2144
353 2507
1358 1752
1999 818
812 507
89 1157
1118 74
1483 905
2034 158
2580 186
645 1899
1642 439
1483 2208
1085 2394
1803 659
515 623
645 1901
1622 1270
517 2105
55 210
1158 2382
2472 456
1873 1986
2201 552
1610 565
840 2481
1158 1635
2418 65
2224 84
1224 1131
1830 889
2216 708
270 1215
2025 2026
211 1908
566 1986
2107 399
332 2122
1358 1732
1584 1367
715 2291
1338 1912
1717 1731
1598 1090
549 1810
936 2641
2314 1708
544 456
2265 1324
564 1262
273 846
210 1905
1101 509
1986 232
1494 88
1740 1627
1580 1892
568 1116
744 1154
515 2465
1933 1413
1692 756
1625 1729
374 2147
1203 1410
1032 587
1171 1355
2241 2242
776 402
1789 1015
1960 1903
1072 417
144 2192
1971 1703
1086 669
1584 306
1171 687
194 1451
1147 1090
2430 201
133 1623
122 99
412 1616
505 1560
2028 2025
1505 2086
438 718
359 1483
218 2076
2372 480
59 1725
2238 627
1065 85
1692 1423
2691 71
376 220
1717 2560
1531 1889
2045 308
1721 687
979 524
1981 1526
1919 1370
1237 735
349 419
704 562
327 1325
2492 1765
1928 2475
2136 1655
1268 162
1958 1954
232 1864
1616 2050
1103 1760
436 1332
1794 798
1282 2324
1986 2003
2141 2139
1071 2248
492 1533
2161 1327
2034 1894
271 166
1952 1654
640 2420
2133 1463
2291 2233
2190 454
838 868
698 1015
1443 2240
2045 1248
2182 1139
1119 1235
465 1869
2234 1515
925 1222
1240 1702
1843 1013
2463 584
2564 194
1554 2688
1848 1376
1463 2133
1284 1103
2203 2330
218 2119
306 109
16 2642
109 1772
2168 1726
155 1689
1358 1492
598 869
958 1798
344 389
375 2435
1929 1671
577 1518
1358 1516
1119 1462
1889 2034
1384 1229
668 436
2205 788
1204 1330
1894 536
2371 2177
572 2025
1358 1292
2066 1098
1143 2262
2009 160
1826 264
2269 1415
1009 2096
1912 995
1682 695
2391 489
833 178
2071 2015
1566 1199
1820 1701
1358 1072
889 1830
2290 1207
438 1667
284 84
2004 1986
2056 408
734 408
1623 452
582 2549
598 521
1716 2446
1308 1627
326 1754
1250 2507
963 2399
551 231
1657 1554
306 910
1599 1358
1472 756
79 603
279 304
1251 1448
1392 51
249 1978
1781 36
1512 945
2242 2539
26 123
1624 384
1311 1312
1705 487
1823 1126
1236 2479
2337 2259
397 665
2376 813
1556 888
2707 1473
1705 1624
54 401
1551 126
698 588
2340 1558
2320 1682
1836 898
2350 1529
598 1473
156 1689
389 1743
598 519
2606 670
1534 1428
213 144
155 817
687 2359
735 701
1037 2447
569 2512
1728 2555
1063 394
2553 1470
834 683
1178 2350
1358 170
1944 310
1655 1131
1986 1989
430 2130
2378 1018
2604 99
794 733
598 1100
2687 2688
195 94
2526 560
2402 2403
645 1826
598 766
2662 1318
1500 2185
835 1121
1229 1254
1946 1944
1113 1650
849 577
1344 724
1703 1417
1665 962
1439 2676
306 124
1605 2663
323 2022
1293 2418
2442 1229
1627 1740
578 1974
1763 155
2126 870
1734 1725
1300 251
174 1742
732 1756
610 109
2224 2222
805 963
854 935
1147 765
1865 311
1782 426
1257 1206
2225 2224
2586 1375
11 1839
2333 1588
2059 1008
441 344
1344 25
2325 508
415 2178
525 2172
2204 1952
402 1932
2445 1742
2118 229
467 1708
456 2472
2502 858
32 1973
525 2181
730 398
1705 306
145 144
2402 781
2046 484
1175 987
43 963
1173 1250
275 805
1924 1927
661 1353
1089 399
1131 1930
1274 239
718 2059
1441 2275
415 88
2620 1925
868 838
1297 316
1998 2326
1742 2444
1606 764
1787 1810
647 541
1256 1761
2001 2002
1677 1309
2144 2504
1441 1707
2160 2157
2198 2055
1042 1925
1203 382
2245 2243
255 1266
1301 1315
2029 1543
240 512
2670 1194
1935 1413
167 168
797 1358
1218 1927
482 1807
792 1558
1810 1787
36 2094
302 719
2232 1376
1995 1583
1713 1898
1359 1464
1982 130
1129 577
1810 351
1013 1841
1020 2075
1772 306
1013 510
663 594
522 2097
429 1493
2243 2244
1483 1743
1313 2407
861 95
850 1464
2327 2328
1143 783
960 1776
1724 768
1365 2509
838 1131
139 1780
1366 2248
1358 59
173 687
979 1839
155 1358
1899 645
1809 962
760 985
2390 1041
609 2446
240 756
2312 61
53 1739
910 306
2169 683
2162 738
1483 1358
1927 769
1358 1145
1935 1542
227 883
1160 733
509 2148
1262 1072
733 1294
1826 1408
1272 310
14 158
1469 1498
2602 2603
1358 613
1121 835
2040 2034
883 629
1501 1676
1823 1810
36 1781
1854 1701
386 2117
1022 541
1709 1738
2547 515
151 2238
1974 737
2610 1049
1845 894
2099 1526
306 1640
830 2100
1743 969
994 579
302 1253
2385 191
1911 945
1505 530
1820 1873
379 1898
1701 1871
1950 892
26 2455
1358 1729
455 1664
1954 1956
2051 1926
1761 4
1884 1958
1091 2176
1069 239
2247 1325
2065 2067
1568 1358
968 1986
1013 880
2544 3
1975 1973
1539 1914
534 933
188 1169
589 1158
744 1358
1091 982
1623 1772
123 2455
377 733
1945 1272
770 1894
1502 1382
902 1284
94 934
1457 1456
1986 1812
1194 1366
1388 2181
1224 2155
2206 1951
603 1248
2203 1279
284 2226
39 22
2673 492
374 846
521 598
2148 1242
1125 1042
2661 12
499 2458
725 1104
648 1441
958 306
1446 681
1183 1579
487 1705
2064 1996
1965 39
1880 1269
1765 580
58 1715
644 41
88 1288
235 1701
210 2309
1759 1358
18 1560
2529 959
124 1622
306 2048
512 172
542 306
1007 1154
1072 1798
1986 743
739 735
760 2460
828 444
722 2500
1739 1317
2102 1309
2344 279
582 140
2567 953
1871 1701
1022 1961
2448 762
255 1343
409 1624
1437 1688
48 598
2269 370
1316 927
651 1667
720 392
505 843
556 1623
154 1358
350 1640
306 1856
421 2216
1623 719
1012 1797
655 2080
2690 611
1701 1856
154 1339
1897 1903
1784 1072
1826 1829
2197 734
1278 2306
2486 1684
1358 831
157 598
2059 146
2447 609
1470 1953
1754 326
2249 2130
243 2474
172 1692
1738 2366
1775 1623
2024 2178
1 652
1641 2495
867 2442
218 733
1358 30
2357 39
167 1056
1805 556
584 2289
543 65
1374 748
993 702
844 264
2332 1669
1459 2080
2257 1728
936 1067
218 1020
1410 1203
1270 2034
204 415
1880 753
1098 918
1378 2150
1348 1810
280 2155
496 596
1239 743
1013 1675
1171 1909
537 1698
1879 578
1751 2596
1013 530
306 1045
331 1527
866 40
74 2052
1863 532
1447 1928
2385 1338
2645 1443
2210 104
435 1912
1950 1054
1137 725
859 1030
1957 979
2180 525
121 802
484 103
1810 576
300 634
2085 910
1377 2070
436 1982
1075 1124
2425 2426
887 910
1725 59
920 316
532 1863
1 654
718 2261
789 1240
1380 1379
1395 948
2387 1046
2187 1472
1127 1986
2094 441
816 120
1914 778
637 598
1542 918
407 409
454 118
567 110
2121 2122
1795 798
670 267
1488 411
2124 2127
1857 1708
741 1011
1777 426
2558 626
2045 2048
2394 1174
2168 876
2359 687
469 2304
1314 890
314 1623
440 895
2034 2038
693 95
2365 998
627 442
2202 734
2452 2451
1399 1501
1687 246
231 551
76 2178
2199 1580
290 567
778 1224
1692 2346
211 356
165 598
661 1028
2399 2434
805 706
118 1538
1697 1119
1907 717
1205 319
535 2392
667 2472
1923 1927
2309 1399
2318 1779
1908 211
1735 1776
2286 2285
1271 1093
1606 819
598 1875
787 438
946 2623
1849 447
1913 1296
1169 823
350 406
1754 1358
2248 1366
